"(n,m)"	dt(nm)	R(deg)	mod	lambda 11(nm)	nu 11(cm-1)	E11(eV)	lambda 22(nm)	nu 22(cm-1)	E22(eV)				0.02	eV		0.05	eV
"(4, 3)"	0.483	25.28	1	700	"14,283"	1.771	398	"25,147"	3.118			1064	1.145413534	1.185413534	1053	1.115413534	1.215413534
"(5, 3)"	0.556	21.79	2	720	"13,884"	1.721	522	"19,147"	2.374				1082.578443	1046.048459		1111.695315	1020.22889
"(5, 4)"	0.62	26.33	1	835	"11,974"	1.485	483	"20,697"	2.566							0.026	eV
"(6, 1)"	0.521	7.59	2	653	"15,323"	1.9	632	"15,828"	1.962						1041	1.165162344	1.217162344
"(6, 2)"	0.572	13.9	1	894	"11,183"	1.387	418	"23,900"	2.963							1064.229381	1018.763032
"(6, 4)"	0.692	23.41	2	873	"11,452"	1.42	578	"17,312"	2.146								
"(6, 5)"	0.757	27	1	976	"10,244"	1.27	566	"17,667"	2.19								
"(7, 0)"	0.556	0	1	962	"10,397"	1.289	395	"25,318"	3.139								
"(7, 2)"	0.65	12.22	2	802	"12,468"	1.546	626	"15,977"	1.981								
"(7, 3)"	0.706	17	1	992	"10,083"	1.25	505	"19,820"	2.457								
"(7, 5)"	0.829	24.5	2	1024	9768	1.211	645	"15,496"	1.921								
"(7, 6)"	0.895	27.46	1	1120	8930	1.107	648	"15,441"	1.914								
"(8, 0)"	0.635	0	2	776	"12,886"	1.598	660	"15,146"	1.878								
"(8, 1)"	0.678	5.82	1	1041	9603	1.191	471	"21,226"	2.632								
"(8, 3)"	0.782	15.3	2	952	"10,508"	1.303	665	"15,029"	1.863								
"(8, 4)"	0.84	19.11	1	1111	8997	1.116	589	"16,981"	2.105								
"(8, 6)"	0.966	25.28	2	1173	8525	1.057	718	"13,928"	1.727								
"(8, 7)"	1.032	27.8	1	1265	7908	0.981	728	"13,727"	1.702								
"(9, 1)"	0.757	5.21	2	912	"10,964"	1.359	691	"14,466"	1.794								
"(9, 2)"	0.806	9.83	1	1138	8790	1.09	551	"18,155"	2.251								
"(9, 4)"	0.916	17.48	2	1101	9086	1.126	722	"13,843"	1.716								
"(9, 5)"	0.976	20.63	1	1241	8055	0.999	672	"14,883"	1.845								
"(9, 7)"	1.103	25.87	2	1322	7567	0.938	793	"12,610"	1.563								
"(9, 8)"	1.17	28.05	1	1410	7093	0.879	809	"12,362"	1.533								
"(10, 0)"	0.794	0	1	1156	8652	1.073	537	"18,606"	2.307								
"(10, 2)"	0.884	8.95	2	1053	9493	1.177	737	"13,574"	1.683	TRUE							
"(10, 3)"	0.936	12.73	1	1249	8006	0.993	632	"15,834"	1.963								
"(10, 5)"	1.05	19.11	2	1249	8006	0.993	788	"12,695"	1.574								
"(10, 6)"	1.111	21.79	1	1377	7262	0.9	754	"13,262"	1.644								
"(10, 8)"	1.24	26.33	2	1470	6805	0.844	869	"11,502"	1.426								
"(10, 9)"	1.307	28.26	1	1556	6428	0.797	889	"11,248"	1.395								
"(11, 0)"	0.873	0	2	1037	9644	1.196	745	"13,431"	1.665								
"(11, 1)"	0.916	4.31	1	1265	7906	0.98	610	"16,388"	2.032								
"(11, 3)"	1.014	11.74	2	1197	8353	1.036	793	"12,617"	1.564								
"(11, 4)"	1.068	14.92	1	1371	7295	0.904	712	"14,036"	1.74								
"(11, 6)"	1.186	20.36	2	1397	7157	0.887	858	"11,661"	1.446								
"(11, 7)"	1.248	22.69	1	1516	6597	0.818	836	"11,968"	1.484								
"(11, 9)"	1.377	26.7	2	1617	6183	0.767	947	"10,564"	1.31								
"(11, 10)"	1.444	28.43	1	1702	5877	0.729	969	"10,320"	1.28								
"(12, 1)"	0.995	3.96	2	1170	8549	1.06	799	"12,516"	1.552								
"(12, 2)"	1.041	7.59	1	1378	7255	0.9	686	"14,575"	1.807								
"(12, 4)"	1.145	13.9	2	1342	7452	0.924	855	"11,693"	1.45								
"(12, 5)"	1.201	16.63	1	1499	6670	0.827	793	"12,605"	1.563								
"(12, 7)"	1.321	21.36	2	1545	6473	0.803	930	"10,751"	1.333								
"(12, 8)"	1.384	23.41	1	1657	6036	0.748	917	"10,910"	1.353								
"(12, 10)"	1.515	27	2	1765	5666	0.703	1024	9763	1.21								
"(12, 11)"	1.582	28.56	1	1848	5412	0.671	1049	9535	1.182	TRUE							
"(13, 0)"	1.032	0	1	1384	7228	0.896	677	"14,770"	1.831								
"(13, 2)"	1.12	7.05	2	1307	7651	0.949	858	"11,661"	1.446								
"(13, 3)"	1.17	10.16	1	1498	6676	0.828	764	"13,095"	1.624								
"(13, 5)"	1.278	15.61	2	1487	6723	0.834	922	"10,843"	1.344								
"(13, 6)"	1.336	17.99	1	1632	6127	0.76	874	"11,441"	1.419								
"(13, 8)"	1.457	22.17	2	1692	5909	0.733	1004	9956	1.234								
"(13, 9)"	1.521	24.01	1	1799	5558	0.689	997	"10,027"	1.243								
"(13, 11)"	1.652	27.25	2	1912	5230	0.648	1102	9071	1.125								
"(13, 12)"	1.719	28.68	1	1994	5015	0.622	1128	8862	1.099								
"(14, 0)"	1.111	0	2	1295	7721	0.957	859	"11,640"	1.443								
"(14, 1)"	1.153	3.42	1	1502	6660	0.826	748	"13,364"	1.657								
"(14, 3)"	1.248	9.52	2	1447	6910	0.857	920	"10,867"	1.347								
"(14, 4)"	1.3	12.22	1	1623	6162	0.764	842	"11,875"	1.472								
"(14, 6)"	1.411	17	2	1633	6123	0.759	992	"10,078"	1.25								
"(14, 7)"	1.47	19.11	1	1768	5655	0.701	955	"10,476"	1.299								
"(14, 9)"	1.594	22.85	2	1840	5435	0.674	1080	9261	1.148	TRUE							
"(14, 10)"	1.658	24.5	1	1942	5148	0.638	1078	9279	1.15	TRUE							
"(14, 12)"	1.789	27.46	2	2059	4856	0.602	1181	8470	1.05								
"(14, 13)"	1.857	28.78	1	2141	4672	0.579	1208	8278	1.026								
"(15, 1)"	1.232	3.2	2	1426	7011	0.869	920	"10,864"	1.347								
"(15, 2)"	1.278	6.18	1	1622	6165	0.764	822	"12,163"	1.508								
"(15, 4)"	1.377	11.52	2	1589	6294	0.78	986	"10,140"	1.257								
"(15, 5)"	1.431	13.9	1	1752	5708	0.708	921	"10,858"	1.346								
"(15, 7)"	1.546	18.14	2	1779	5621	0.697	1064	9396	1.165	TRUE							
"(15, 8)"	1.606	20.03	1	1907	5245	0.65	1035	9663	1.198								
"(15, 10)"	1.73	23.41	2	1987	5032	0.624	1156	8650	1.072								
"(15, 11)"	1.795	24.92	1	2086	4793	0.594	1158	8635	1.071								
"(15, 13)"	1.927	27.64	2	2207	4532	0.562	1259	7942	0.985								
"(15, 14)"	1.994	28.86	1	2287	4373	0.542	1288	7767	0.963								
"(16, 0)"	1.27	0	1	1623	6163	0.764	815	"12,264"	1.521								
"(16, 2)"	1.357	5.82	2	1561	6405	0.794	984	"10,162"	1.26								
"(16, 3)"	1.405	8.44	1	1746	5728	0.71	898	"11,139"	1.381								
"(16, 5)"	1.508	13.17	2	1732	5775	0.716	1055	9480	1.175	TRUE							
"(16, 6)"	1.564	15.3	1	1884	5307	0.658	1000	9999	1.24								
"(16, 8)"	1.68	19.11	2	1925	5194	0.644	1138	8788	1.09								
"(16, 9)"	1.741	20.82	1	2046	4887	0.606	1115	8968	1.112								
"(16, 11)"	1.867	23.9	2	2134	4685	0.581	1233	8111	1.006								
"(16, 12)"	1.932	25.28	1	2231	4483	0.556	1238	8077	1.001								
"(17, 0)"	1.35	0	2	1552	6443	0.799	984	"10,167"	1.261								
"(17, 1)"	1.391	2.83	1	1744	5733	0.711	886	"11,289"	1.4								
"(17, 3)"	1.483	7.99	2	1699	5886	0.73	1050	9525	1.181	TRUE							
"(17, 4)"	1.533	10.33	1	1873	5340	0.662	974	"10,263"	1.272								
"(17, 6)"	1.641	14.56	2	1875	5332	0.661	1125	8886	1.102								
"(17, 7)"	1.697	16.47	1	2019	4952	0.614	1079	9264	1.149	TRUE							
"(17, 9)"	1.816	19.93	2	2072	4827	0.599	1212	8248	1.023								
"(17, 10)"	1.877	21.49	1	2188	4571	0.567	1195	8367	1.037								
"(18, 1)"	1.47	2.68	2	1682	5944	0.737	1048	9543	1.183	TRUE							
"(18, 2)"	1.515	5.21	1	1868	5353	0.664	958	"10,433"	1.294								
"(18, 4)"	1.611	9.83	2	1838	5439	0.674	1118	8947	1.109								
"(18, 5)"	1.663	11.93	1	2003	4993	0.619	1052	9508	1.179	TRUE							
"(18, 7)"	1.773	15.75	2	2020	4952	0.614	1197	8351	1.035								
"(18, 8)"	1.831	17.48	1	2156	4638	0.575	1159	8629	1.07								
"(18, 10)"	1.951	20.63	2	2218	4509	0.559	1288	7765	0.963								
"(19, 0)"	1.508	0	1	1867	5357	0.664	953	"10,492"	1.301								
"(19, 2)"	1.594	4.95	2	1816	5507	0.683	1114	8979	1.113								
"(19, 3)"	1.641	7.22	1	1994	5015	0.622	1033	9683	1.201								
"(19, 5)"	1.741	11.39	2	1979	5052	0.626	1187	8422	1.044								
"(19, 6)"	1.795	13.29	1	2135	4684	0.581	1130	8853	1.098								
"(19, 8)"	1.907	16.76	2	2164	4621	0.573	1271	7869	0.976								
"(19, 9)"	1.966	18.35	1	2295	4358	0.54	1238	8076	1.001								
"(20, 0)"	1.588	0	2	1808	5531	0.686	1113	8989	1.114								
"(20, 1)"	1.629	2.42	1	1990	5024	0.623	1023	9775	1.212								
"(20, 3)"	1.719	6.89	2	1952	5124	0.635	1181	8466	1.05								
"(20, 4)"	1.768	8.95	1	2122	4712	0.584	1108	9025	1.119								
"(20, 6)"	1.872	12.73	2	2121	4715	0.585	1258	7947	0.985								
"(20, 7)"	1.927	14.46	1	2269	4406	0.546	1208	8280	1.027								
"(21, 1)"	1.708	2.31	2	1938	5161	0.64	1178	8487	1.052								
"(21, 2)"	1.752	4.5	1	2116	4727	0.586	1095	9134	1.132								
"(21, 4)"	1.847	8.57	2	2090	4786	0.593	1250	8000	0.992								
"(21, 5)"	1.897	10.44	1	2253	4439	0.55	1184	8445	1.047								
"(22, 0)"	1.747	0	1	2114	4731	0.587	1090	9171	1.137								
"(22, 2)"	1.831	4.31	2	2070	4830	0.599	1245	8030	0.996								
"(22, 3)"	1.877	6.31	1	2243	4459	0.553	1168	8560	1.061								
"(22, 5)"	1.975	10.02	2	2229	4487	0.556	1320	7575	0.939								
"(23, 0)"	1.826	0	2	2064	4845	0.601	1244	8039	0.997								
"(23, 1)"	1.867	2.11	1	2238	4467	0.554	1160	8620	1.069								
"(23, 3)"	1.956	6.05	2	2205	4535	0.562	1314	7612	0.944								
"(24, 1)"	1.946	2.02	2	2193	4560	0.565	1311	7631	0.946								
"(24, 2)"	1.99	3.96	1	2365	4229	0.524	1231	8121	1.007								
"(25, 0)"	1.985	0	1	2362	4233	0.525	1228	8146	1.01								
