A	B
400	0.09722
401	0.09696
402	0.0967
403	0.09643
404	0.09617
405	0.0959
406	0.09564
407	0.09537
408	0.09511
409	0.09485
410	0.09458
411	0.09432
412	0.09405
413	0.09379
414	0.09352
415	0.09326
416	0.093
417	0.09273
418	0.09247
419	0.0922
420	0.09194
421	0.09168
422	0.09141
423	0.09115
424	0.09088
425	0.09062
426	0.09035
427	0.09009
428	0.08983
429	0.08956
430	0.0893
431	0.08903
432	0.08877
433	0.0885
434	0.08824
435	0.08798
436	0.08771
437	0.08745
438	0.08718
439	0.08692
440	0.08666
441	0.08639
442	0.08613
443	0.08586
444	0.0856
445	0.08533
446	0.08507
447	0.08481
448	0.08454
449	0.08428
450	0.08401
451	0.08388
452	0.08453
453	0.08455
454	0.08438
455	0.0846
456	0.08461
457	0.08496
458	0.08454
459	0.08431
460	0.08477
461	0.08446
462	0.08457
463	0.08404
464	0.08396
465	0.08321
466	0.08338
467	0.0829
468	0.08162
469	0.08207
470	0.08102
471	0.08068
472	0.0801
473	0.07934
474	0.07874
475	0.07831
476	0.07773
477	0.0766
478	0.07586
479	0.07535
480	0.0748
481	0.07493
482	0.07389
483	0.07368
484	0.07337
485	0.07342
486	0.07308
487	0.07308
488	0.07217
489	0.07279
490	0.07226
491	0.07204
492	0.07206
493	0.07197
494	0.07211
495	0.07185
496	0.07222
497	0.07193
498	0.07228
499	0.07198
500	0.07193
501	0.07194
502	0.07221
503	0.07184
504	0.07166
505	0.0718
506	0.07174
507	0.07186
508	0.071
509	0.07157
510	0.07114
511	0.07164
512	0.0709
513	0.07122
514	0.07101
515	0.0704
516	0.0705
517	0.07024
518	0.07026
519	0.06956
520	0.06937
521	0.06911
522	0.0684
523	0.06864
524	0.06865
525	0.06829
526	0.06797
527	0.06788
528	0.06707
529	0.06738
530	0.06712
531	0.06709
532	0.06658
533	0.06684
534	0.0671
535	0.06679
536	0.06648
537	0.06638
538	0.06662
539	0.06674
540	0.06675
541	0.06667
542	0.06648
543	0.06723
544	0.06749
545	0.06697
546	0.06787
547	0.06783
548	0.06815
549	0.06917
550	0.06936
551	0.06989
552	0.07067
553	0.07105
554	0.07124
555	0.07239
556	0.07278
557	0.0737
558	0.07466
559	0.07553
560	0.07655
561	0.07748
562	0.0789
563	0.07978
564	0.0813
565	0.08203
566	0.08317
567	0.08397
568	0.08443
569	0.08502
570	0.08555
571	0.08518
572	0.08545
573	0.08452
574	0.08394
575	0.08406
576	0.08362
577	0.08338
578	0.08251
579	0.08167
580	0.08136
581	0.0807
582	0.07999
583	0.08003
584	0.07965
585	0.07876
586	0.07849
587	0.07774
588	0.07705
589	0.07667
590	0.07624
591	0.07628
592	0.07622
593	0.07528
594	0.07459
595	0.07386
596	0.07328
597	0.0732
598	0.07286
599	0.07198
600	0.07129
601	0.0711
602	0.07049
603	0.06975
604	0.06965
605	0.06863
606	0.06883
607	0.06858
608	0.06747
609	0.06734
610	0.06682
611	0.06636
612	0.06611
613	0.06602
614	0.06527
615	0.06527
616	0.06527
617	0.06396
618	0.06415
619	0.06423
620	0.06385
621	0.06338
622	0.06344
623	0.06383
624	0.06331
625	0.06364
626	0.06335
627	0.06357
628	0.06328
629	0.06351
630	0.06323
631	0.06329
632	0.06376
633	0.06335
634	0.06373
635	0.06375
636	0.06413
637	0.0644
638	0.06424
639	0.06494
640	0.06523
641	0.06568
642	0.06595
643	0.06655
644	0.06656
645	0.06709
646	0.06754
647	0.06745
648	0.06745
649	0.06745
650	0.06879
651	0.06896
652	0.06833
653	0.06774
654	0.06751
655	0.06781
656	0.06747
657	0.06731
658	0.06741
659	0.06705
660	0.06611
661	0.06664
662	0.06752
663	0.06655
664	0.06628
665	0.06565
666	0.0663
667	0.06584
668	0.06584
669	0.06571
670	0.06509
671	0.06548
672	0.06538
673	0.06454
674	0.06392
675	0.06387
676	0.06257
677	0.0632
678	0.06282
679	0.06114
680	0.06163
681	0.06126
682	0.06021
683	0.05902
684	0.05906
685	0.05867
686	0.05883
687	0.05845
688	0.05795
689	0.05738
690	0.05707
691	0.05814
692	0.05709
693	0.05636
694	0.05572
695	0.05712
696	0.05547
697	0.05646
698	0.05628
699	0.0558
700	0.05507
701	0.05475
702	0.05461
703	0.05463
704	0.05466
705	0.05337
706	0.05402
707	0.05316
708	0.05367
709	0.05319
710	0.05217
711	0.05268
712	0.0523
713	0.05357
714	0.05327
715	0.0528
716	0.05265
717	0.05226
718	0.05181
719	0.05202
720	0.05267
721	0.05149
722	0.05167
723	0.05298
724	0.05211
725	0.05258
726	0.05217
727	0.05138
728	0.05202
729	0.05132
730	0.05114
731	0.05153
732	0.05051
733	0.05007
734	0.05011
735	0.05153
736	0.05132
737	0.05111
738	0.05138
739	0.05061
740	0.05088
741	0.05071
742	0.04996
743	0.04902
744	0.04969
745	0.04921
746	0.04976
747	0.04843
748	0.04858
749	0.04938
750	0.04812
751	0.04867
752	0.04825
753	0.04879
754	0.04861
755	0.0491
756	0.04832
757	0.04817
758	0.04849
759	0.04759
760	0.04824
761	0.04793
762	0.04792
763	0.04701
764	0.04751
765	0.04745
766	0.047
767	0.04716
768	0.0473
769	0.04748
770	0.04644
771	0.04721
772	0.04681
773	0.04758
774	0.04737
775	0.04662
776	0.04628
777	0.04714
778	0.04677
779	0.04706
780	0.04703
781	0.04747
782	0.04732
783	0.04689
784	0.04689
785	0.04639
786	0.04655
787	0.04577
788	0.04563
789	0.04707
790	0.0465
791	0.04582
792	0.04531
793	0.04593
794	0.0464
795	0.04671
796	0.04681
797	0.04663
798	0.04777
799	0.04698
800	0.04805
801	0.04731
802	0.04696
803	0.0477
804	0.04715
805	0.04783
806	0.04787
807	0.04862
808	0.04761
809	0.04767
810	0.04743
811	0.04915
812	0.04924
813	0.04868
814	0.04896
815	0.04905
816	0.04867
817	0.04811
818	0.04929
819	0.04878
820	0.04843
821	0.04904
822	0.04951
823	0.0505
824	0.05028
825	0.05091
826	0.04926
827	0.05023
828	0.0496
829	0.051
830	0.05093
831	0.05056
832	0.05077
833	0.05061
834	0.05029
835	0.04909
836	0.05095
837	0.05121
838	0.05105
839	0.05145
840	0.05083
841	0.05048
842	0.05124
843	0.05164
844	0.05242
845	0.05181
846	0.0514
847	0.0522
848	0.05317
849	0.05288
850	0.05089
851	0.04987
852	0.05056
853	0.05008
854	0.04968
855	0.05193
856	0.05154
857	0.0511
858	0.05042
859	0.04939
860	0.04924
861	0.04945
862	0.05082
863	0.04899
864	0.05049
865	0.04972
866	0.04843
867	0.04965
868	0.04933
869	0.04894
870	0.05058
871	0.05132
872	0.05179
873	0.05168
874	0.05138
875	0.05273
876	0.05205
877	0.05268
878	0.0523
879	0.05214
880	0.05018
881	0.05085
882	0.05045
883	0.0497
884	0.05177
885	0.05109
886	0.04945
887	0.05135
888	0.05145
889	0.05085
890	0.05118
891	0.04978
892	0.05098
893	0.05013
894	0.04964
895	0.04991
896	0.05078
897	0.05213
898	0.05064
899	0.05004
900	0.05229
