A	B
-229.22621	-145.04041
-227.68269	-145.69867
-226.13958	-145.91107
-224.59686	-145.58813
-223.05454	-145.24407
-221.51263	-144.8055
-219.97111	-144.41248
-218.43	-143.40046
-216.88928	-142.02914
-215.34896	-140.23629
-213.80905	-139.24807
-212.26953	-139.54621
-210.73041	-140.7662
-209.19169	-142.10671
-207.65337	-143.61763
-206.11545	-145.28092
-204.57793	-145.85072
-203.0408	-145.37636
-201.50408	-144.87879
-199.96775	-145.59318
-198.43182	-146.04078
-196.89629	-145.85542
-195.36116	-144.40681
-193.82642	-142.78749
-192.29208	-141.83051
-190.75814	-142.72688
-189.2246	-143.58889
-187.69146	-142.87235
-186.15871	-141.86674
-184.62636	-142.99067
-183.09441	-145.08081
-181.56285	-145.46451
-180.03169	-143.93449
-178.50093	-143.26458
-176.97057	-144.59242
-175.4406	-146.20968
-173.91102	-146.00825
-172.38185	-144.85454
-170.85307	-144.33788
-169.32468	-143.72518
-167.7967	-142.60708
-166.2691	-141.82078
-164.74191	-142.66011
-163.21511	-143.73547
-161.6887	-144.70737
-160.16269	-144.52009
-158.63708	-144.46345
-157.11186	-146.46305
-155.58703	-151.58347
-154.0626	-154.88479
-152.53857	-152.47422
-151.01493	-146.75757
-149.49168	-143.16918
-147.96883	-143.13424
-146.44638	-144.87459
-144.92431	-147.23625
-143.40264	-148.56589
-141.88137	-148.73326
-140.36049	-149.36968
-138.84	-152.40424
-137.31991	-155.42581
-135.80021	-157.28425
-134.28091	-158.19707
-132.76199	-158.56283
-131.24347	-156.32696
-129.72535	-154.23378
-128.20761	-154.01789
-126.69027	-155.506
-125.17333	-155.99665
-123.65677	-157.22378
-122.14061	-157.42549
-120.62484	-155.82142
-119.10946	-154.1032
-117.59447	-156.24303
-116.07988	-159.51662
-114.56568	-161.10534
-113.05187	-160.99125
-111.53845	-161.49925
-110.02542	-161.57527
-108.51279	-161.01742
-107.00055	-159.48424
-105.48869	-159.3342
-103.97723	-160.91143
-102.46616	-163.24674
-100.95548	-164.00041
-99.4452	-164.99145
-97.9353	-165.77196
-96.42579	-166.18432
-94.91667	-167.2998
-93.40795	-172.37743
-91.89961	-176.82063
-90.39167	-178.51387
-88.88411	-177.75202
-87.37694	-177.68459
-85.87017	-176.27634
-84.36378	-172.96029
-82.85779	-167.3934
-81.35218	-165.50846
-79.84696	-174.66198
-78.34213	-190.55495
-76.83769	-198.34047
-75.33364	-191.82966
-73.82998	-183.7575
-72.32671	-184.01792
-70.82382	-191.85821
-69.32133	-200.75528
-67.81922	-209.60268
-66.3175	-214.02891
-64.81617	-212.2557
-63.31523	-205.76199
-61.81467	-203.70043
-60.31451	-209.82674
-58.81473	-221.82018
-57.31534	-226.95724
-55.81633	-220.18112
-54.31772	-208.17202
-52.81949	-203.20311
-51.32165	-204.85824
-49.82419	-206.81766
-48.32713	-207.50356
-46.83045	-212.24088
-45.33415	-226.95636
-43.83825	-250.74389
-42.34273	-274.93205
-40.84759	-288.48998
-39.35284	-288.70957
-37.85848	-282.26055
-36.36451	-279.11375
-34.87092	-283.55686
-33.37771	-291.79544
-31.8849	-307.25531
-30.39247	-353.87954
-28.90042	-428.01426
-27.40876	-464.97037
-25.91748	-394.26035
-24.42659	-255.16883
-22.93609	-147.60698
-21.44597	-119.78261
-19.95623	-128.72596
-18.46688	-135.73409
-16.97792	-134.68954
-15.48933	-134.47314
-14.00114	-134.50555
-12.51332	-134.50555
-11.0259	-134.50556
-9.53885	-134.50556
-8.05219	-134.50557
-6.56592	-134.50557
-5.08002	-134.50558
-3.59452	-134.50559
-2.10939	-134.50559
-0.62465	-134.5056
0.85971	-134.5056
2.34368	-134.50561
3.82728	-134.50562
5.31049	-134.50562
6.79331	-134.50563
8.27575	-134.50563
9.75782	-134.50564
11.23949	-134.50564
12.72079	-134.50565
14.2017	-134.50566
15.68223	-134.50566
17.16238	-134.50567
18.64215	-134.50567
20.12153	-134.50568
21.60053	-134.50569
23.07916	-134.50569
24.5574	-134.5057
26.03525	-134.5057
27.51273	-134.50571
28.98983	-134.50572
30.46654	-134.50572
31.94287	-134.50573
33.41882	-134.50573
34.8944	-134.50574
36.36959	-134.50575
37.8444	-134.50575
39.31883	-134.50576
40.79288	-134.50577
42.26654	-134.50577
43.73983	-134.50578
45.21274	-134.50578
46.68527	-134.50579
48.15742	-134.5058
49.62919	-134.5058
51.10058	-134.50581
52.57159	-134.50582
54.04222	-134.50582
55.51247	-134.50583
56.98234	-134.50583
58.45183	-134.50584
59.92094	-134.50585
61.38968	-134.50585
62.85803	-134.50586
64.32601	-134.50587
65.79361	-134.50587
67.26083	-134.50588
68.72767	-134.50589
70.19414	-134.50589
71.66022	-134.5059
73.12593	-134.50591
74.59126	-134.50591
76.05621	-134.50592
77.52078	-134.50593
78.98498	-134.50593
80.4488	-134.50594
81.91224	-134.50595
83.3753	-134.50595
84.83799	-134.50596
86.3003	-134.50597
87.76223	-134.50597
89.22379	-134.50598
90.68497	-134.50599
92.14577	-134.50599
93.6062	-134.506
95.06625	-134.50601
96.52592	-134.50601
97.98522	-133.26172
99.44414	-149.35116
100.90269	-94.75016
102.36086	-80.88647
103.81865	-190.99852
105.27607	-495.25372
106.73311	-1004.18585
108.18978	-2012.69218
109.64607	-3066.74306
111.10198	-3063.45195
112.55752	-1849.3411
114.01269	-561.7739
115.46748	-83.95022
116.9219	-25.26093
118.37594	-39.17265
119.82961	-21.18137
121.2829	-50.79307
122.73582	-42.72274
124.18836	-44.28162
125.64053	-45.58765
127.09232	-46.27141
128.54375	-47.38376
129.99479	-48.83584
131.44547	-48.84211
132.89577	-46.68507
134.34569	-44.8249
135.79525	-42.99214
137.24443	-40.52254
138.69323	-38.50265
140.14167	-39.653
141.58973	-42.23793
143.03741	-42.54492
144.48473	-40.31396
145.93167	-38.15403
147.37824	-37.40102
148.82444	-36.00952
150.27026	-34.5188
151.71571	-33.77688
153.16079	-35.15204
154.6055	-35.70673
156.04984	-33.71816
157.4938	-30.1369
158.93739	-30.23534
160.38061	-33.37667
161.82346	-34.39782
163.26594	-30.87338
164.70804	-27.66535
166.14978	-27.91286
167.59114	-29.71444
169.03214	-30.07823
170.47276	-28.80023
171.91301	-26.83535
173.35289	-26.18559
174.7924	-28.19599
176.23154	-31.8993
177.67031	-32.50697
179.1087	-29.26906
180.54673	-25.44738
181.98439	-24.49009
183.42168	-24.51387
184.8586	-24.53173
186.29514	-25.04161
187.73132	-25.28148
189.16713	-23.40322
190.60257	-20.90058
192.03764	-21.19258
193.47234	-23.96791
194.90667	-25.20969
196.34064	-22.59754
197.77423	-18.84565
199.20746	-17.76537
200.64031	-19.32899
202.0728	-19.61739
203.50492	-18.30193
204.93667	-17.79764
206.36805	-19.77476
207.79907	-20.99308
209.22971	-20.33184
210.65999	-18.8621
212.0899	-17.39804
213.51944	-15.21963
214.94862	-12.85994
216.37742	-12.35751
217.80586	-12.85845
219.23393	-13.3812
220.66164	-12.94286
222.08898	-12.76458
223.51595	-12.8193
224.94255	-12.75417
226.36878	-10.19985
227.79465	-6.11034
229.22016	-3.17422
230.64529	-4.06605
232.07006	-6.69346
233.49447	-9.04402
234.9185	-8.54623
236.34217	-5.8852
237.76548	-3.36653
239.18842	-3.89462
240.61099	-5.84726
242.0332	-6.77264
243.45504	-6.16279
244.87652	-5.67443
246.29763	-5.91
247.71837	-6.5212
249.13875	-6.58529
250.55877	-6.01435
251.97842	-5.4568
253.3977	-5.21099
254.81662	-5.24816
256.23518	-5.07584
257.65337	-4.72038
259.07119	-4.06056
260.48865	-3.32192
261.90575	-1.63048
263.32248	2.11808
264.73885	6.56683
266.15486	9.676
267.5705	10.51973
268.98578	11.02799
270.40069	11.55085
271.81524	11.69903
273.22942	10.5048
274.64325	8.02653
276.05671	4.74863
277.4698	1.94735
278.88254	1.33492
280.29491	2.91028
281.70691	4.78635
283.11856	5.2791
284.52984	5.10401
285.94076	5.63211
287.35131	6.58067
288.76151	7.07983
290.17134	7.06177
291.58081	7.35051
292.98992	7.44789
294.39866	6.42919
295.80705	3.2999
297.21507	0.33974
298.62273	-0.38721
300.03002	1.86772
301.43696	4.23594
302.84354	5.94846
304.24975	6.73243
305.6556	7.35284
307.0611	6.87974
308.46623	5.48083
309.871	3.68681
311.2754	2.88409
312.67945	3.58292
314.08314	4.70772
315.48647	4.81211
316.88943	3.44142
318.29204	2.11923
319.69429	2.40165
321.09617	4.44385
322.4977	6.74132
323.89886	7.75191
325.29967	7.85243
326.70012	7.51269
328.1002	6.46773
329.49993	4.49707
330.8993	3.17253
332.29831	3.45166
333.69696	3.86585
335.09525	3.42105
336.49318	2.78321
337.89075	2.8892
339.28797	3.45137
340.68482	3.87206
342.08132	3.99444
343.47746	4.00435
344.87323	4.8445
346.26866	5.9723
347.66372	6.6889
349.05842	6.83023
350.45277	7.22232
351.84676	7.85009
353.24039	8.50847
354.63366	8.4856
356.02658	7.83347
357.41914	7.46839
358.81134	8.48218
360.20318	9.49825
361.59467	9.31142
362.9858	8.00527
364.37657	7.35071
365.76698	7.88577
367.15704	9.22198
368.54674	10.1232
369.93609	9.92601
371.32507	8.4147
372.71371	6.46007
374.10198	5.19228
375.4899	5.48845
376.87746	6.33199
378.26467	7.5916
379.65152	8.79461
381.03802	9.82171
382.42415	9.2841
383.80994	8.34264
385.19537	7.62119
386.58044	7.14768
387.96516	5.97802
389.34952	5.30885
390.73352	6.33782
392.11718	8.10861
393.50047	8.45714
394.88341	7.52958
396.266	7.977
397.64823	10.28471
399.03011	12.13047
400.41164	11.99709
401.7928	11.35083
403.17362	11.2947
404.55408	12.03633
405.93418	12.5326
407.31394	12.72413
408.69334	11.82439
410.07238	11.48746
411.45107	11.61513
412.82941	12.06431
414.20739	11.257
415.58502	10.4412
416.9623	9.93733
418.33922	10.37275
419.71579	11.47251
421.09201	13.05548
422.46787	13.55112
423.84339	12.97067
425.21855	11.95126
426.59335	11.69774
427.96781	12.13607
429.34191	13.92478
430.71566	15.3782
432.08905	14.88857
433.4621	12.29741
434.83479	10.84493
436.20713	12.33104
437.57912	15.59235
438.95075	17.81736
440.32204	17.64705
441.69297	16.02279
443.06356	14.99654
444.43379	15.68496
445.80367	17.11605
447.17319	17.14746
448.54237	15.63927
449.9112	14.53284
451.27967	14.88013
452.6478	15.49945
454.01557	15.43193
455.38299	16.11078
456.75006	17.07007
458.11679	16.95952
459.48316	14.63666
460.84918	12.48849
462.21485	11.45195
463.58017	12.17279
464.94514	13.01068
466.30976	13.87708
467.67403	13.81038
469.03796	14.08741
470.40153	14.54908
471.76475	15.92652
473.12762	16.23254
474.49015	15.65689
475.85232	15.18005
477.21415	16.26445
478.57563	17.15766
479.93675	17.32193
481.29753	18.14101
482.65796	19.50648
484.01804	18.97402
485.37778	16.26851
486.73716	13.8256
488.0962	13.06341
489.45489	13.42168
490.81323	14.49324
492.17122	15.51935
493.52886	16.36523
494.88616	17.16114
496.24311	18.2379
497.59971	18.84918
498.95596	19.40418
500.31187	19.41642
501.66742	18.35904
503.02263	16.50735
504.3775	16.53439
505.73201	18.36569
507.08618	20.06467
508.44001	20.54737
509.79348	21.03002
511.14661	21.53077
512.49939	20.95094
513.85183	19.77144
515.20392	18.16309
516.55566	16.63899
517.90706	15.36813
519.25811	16.19128
520.60881	17.71199
521.95917	18.87702
523.30918	18.8302
524.65885	18.68957
526.00817	18.2908
527.35715	18.02055
528.70578	17.61963
530.05406	16.41709
531.402	15.01503
532.74959	14.75934
534.09684	16.10694
535.44374	17.22394
536.7903	17.88183
538.13652	17.8895
539.48239	17.81283
540.82791	18.0057
542.17309	18.91676
543.51792	19.36073
544.86242	18.59168
546.20656	18.20228
547.55036	19.11208
548.89382	20.99161
550.23694	21.50045
551.57971	20.36593
552.92213	18.31887
554.26422	18.11868
555.60596	19.90869
556.94735	22.2131
558.2884	22.46792
559.62911	20.75938
560.96948	19.05563
562.3095	19.15884
563.64918	20.30103
564.98851	20.42557
566.32751	19.90916
567.66616	19.8729
569.00446	20.63068
570.34243	20.45469
571.68005	19.19904
573.01733	17.51767
574.35427	17.20835
575.69086	18.96326
577.02712	21.94344
578.36303	24.27564
579.6986	24.95154
581.03382	23.95179
582.36871	21.73422
583.70325	19.99517
585.03745	20.15347
586.37131	21.24548
587.70483	21.44163
589.03801	20.69642
590.37085	20.38671
591.70334	20.56817
593.0355	20.68312
594.36731	20.69278
595.69878	21.78829
597.02991	23.46665
598.3607	24.01478
599.69115	22.42205
601.02126	20.84183
602.35103	20.955
603.68046	23.1365
605.00955	25.5791
606.3383	26.77065
607.66671	25.08657
608.99477	22.24284
610.3225	20.70407
611.64989	21.66832
612.97694	22.48226
614.30365	21.69327
615.63002	19.94902
616.95605	19.46374
618.28174	20.4828
619.60709	22.13785
620.9321	22.18783
622.25678	21.11642
623.58111	20.47043
624.90511	22.10624
626.22876	23.87313
627.55208	25.24498
628.87506	25.34392
630.1977	24.62057
631.52001	22.64847
632.84197	21.59402
634.1636	21.99424
635.48488	22.65729
636.80583	22.41465
638.12644	22.46374
639.44672	23.62775
640.76665	25.09356
642.08625	25.58502
643.40551	25.61252
644.72444	24.93523
646.04302	24.08696
647.36127	22.87996
648.67918	22.68695
649.99676	22.33058
651.31399	22.01481
652.63089	21.05877
653.94746	20.7828
655.26368	20.85141
656.57957	22.07181
657.89512	23.53519
659.21034	24.8922
660.52522	25.094
661.83976	24.46022
663.15397	23.10905
664.46784	22.02337
665.78138	22.36612
667.09458	23.79858
668.40744	24.22417
669.71997	22.92532
671.03216	22.583
672.34401	24.11442
673.65553	25.54335
674.96672	24.95331
676.27757	23.95551
677.58808	23.57511
678.89826	23.68601
680.2081	23.50758
681.51761	23.76418
682.82679	24.07646
684.13563	23.99451
685.44413	23.44264
686.7523	24.01969
688.06014	24.91923
689.36764	25.12887
690.6748	25.12446
691.98163	26.26566
693.28813	26.29727
694.5943	23.79988
695.90012	21.36419
697.20562	21.85512
698.51078	24.24862
699.81561	25.53278
701.1201	26.38187
702.42426	26.99198
703.72809	26.68677
705.03159	23.57061
706.33475	21.81593
707.63757	23.49362
708.94007	27.08439
710.24223	27.54356
711.54406	25.5258
712.84555	23.59454
714.14671	23.7229
715.44754	25.02579
716.74804	26.72691
718.0482	27.45688
719.34803	26.31729
720.64753	24.092
721.9467	23.17383
723.24554	23.38213
724.54404	22.55237
725.84221	21.01555
727.14005	21.93436
728.43756	25.21054
729.73473	26.94246
731.03158	25.49094
732.32809	23.59311
733.62427	23.19844
734.92012	23.85437
736.21564	24.67662
737.51082	25.53487
738.80568	25.26354
740.1002	23.56797
741.3944	22.26209
742.68826	23.23269
743.98179	24.68152
745.27499	24.18339
746.56786	22.6487
747.8604	23.13464
749.15261	25.22942
750.44449	26.63726
751.73604	26.51012
753.02726	25.99484
754.31815	25.1591
755.60871	23.89719
756.89894	23.21678
758.18883	24.29894
759.4784	26.15607
760.76764	26.5401
762.05655	25.14954
763.34513	24.22551
764.63339	24.95714
765.92131	26.05859
767.2089	25.60904
768.49616	24.42541
769.7831	24.26432
771.0697	25.79587
772.35598	26.57334
773.64193	25.51241
774.92755	24.30876
776.21284	25.5766
777.4978	28.08035
778.78243	29.17072
780.06674	27.94401
781.35072	25.54557
782.63437	23.48536
783.91769	22.98142
785.20068	24.02222
786.48334	25.00798
787.76568	24.84324
789.04769	24.68691
790.32937	24.96669
791.61073	25.13285
792.89175	24.25328
794.17245	23.88279
795.45282	24.89832
796.73287	27.30387
798.01258	28.80834
799.29197	28.15493
800.57104	25.9977
801.84977	24.42974
803.12818	24.48759
804.40627	26.09523
805.68402	28.21713
806.96145	29.08899
808.23856	27.76049
809.51533	26.10128
810.79178	25.84042
812.06791	26.65312
813.34371	26.77431
814.61918	26.61305
815.89432	26.77325
817.16915	26.62228
818.44364	25.08948
819.71781	23.78976
820.99165	24.7444
822.26517	26.63415
823.53836	26.06977
824.81123	23.69273
826.08377	22.84709
827.35599	24.3254
828.62788	25.42677
829.89945	25.86034
831.17069	26.81085
832.4416	27.99667
833.7122	27.8022
834.98246	26.89848
836.25241	26.06755
837.52202	25.39285
838.79132	24.82121
840.06029	24.97896
841.32893	25.00123
842.59725	24.45181
843.86525	24.3783
845.13292	25.28
846.40027	26.26712
847.6673	26.1656
848.934	25.7314
850.20038	25.06697
851.46643	24.77217
852.73216	24.36236
853.99757	23.94396
855.26265	22.77746
856.52741	21.57487
857.79185	21.02301
859.05596	21.89891
860.31975	23.59306
861.58322	25.31051
862.84637	25.55355
864.10919	25.09799
865.37169	25.62588
866.63387	27.76513
867.89573	28.29126
869.15726	26.98272
870.41847	25.88232
871.67936	26.11652
872.93992	25.02304
874.20017	23.31816
875.46009	22.89877
876.71969	24.45535
877.97897	24.91532
879.23793	24.29209
880.49656	23.85864
881.75487	25.38601
883.01287	26.84479
884.27054	26.86943
885.52789	25.6214
886.78491	24.31176
888.04162	23.73253
889.29801	23.88547
890.55407	25.15244
891.80982	26.09349
893.06524	26.28026
894.32034	24.95503
895.57512	23.49025
896.82958	22.50167
898.08372	22.68647
899.33754	22.65645
900.59104	22.66108
901.84422	22.69025
903.09708	23.5575
904.34962	24.56106
905.60184	26.14817
906.85374	27.10129
908.10532	26.8041
909.35658	24.91178
910.60752	23.43471
911.85814	23.84961
913.10845	25.54061
914.35843	26.8375
915.60809	26.88875
916.85743	26.36478
918.10646	25.32798
919.35516	24.95557
920.60355	25.99524
921.85162	27.66979
923.09937	27.51616
924.3468	25.87595
925.59391	25.12961
926.8407	25.9273
928.08717	26.29666
929.33333	25.9544
930.57917	26.87562
931.82469	29.4502
933.06989	31.11515
934.31477	29.96399
935.55933	27.26086
936.80358	25.55505
938.04751	25.84416
939.29112	27.36708
940.53441	28.49427
941.77739	28.34182
943.02005	27.18032
944.26239	26.74566
945.50441	27.03148
946.74612	26.73696
947.98751	25.7212
949.22858	26.11503
950.46934	27.80989
951.70977	27.94471
952.9499	25.83527
954.1897	23.80425
955.42919	23.679
956.66836	24.77831
957.90721	26.05262
959.14575	26.95033
960.38397	27.01046
961.62188	26.73606
962.85947	26.28874
964.09674	26.27301
965.3337	26.06805
966.57034	25.48264
967.80666	24.1089
969.04267	23.26741
970.27837	24.12235
971.51375	25.98577
972.74881	26.30985
973.98356	23.96177
975.21799	21.42575
976.4521	21.27699
977.6859	23.78264
978.91939	26.68478
980.15256	28.30064
981.38542	28.1344
982.61796	27.32461
983.85018	26.49137
985.0821	25.54228
986.31369	24.32883
987.54497	23.75942
988.77594	24.03905
990.0066	24.77602
991.23693	25.1591
992.46696	26.3868
993.69667	27.95953
994.92606	28.49848
996.15515	26.92198
997.38392	26.40291
998.61237	27.33269
999.84051	28.23041
1001.06834	27.3267
1002.29585	26.2457
1003.52305	25.12909
1004.74994	24.70727
1005.97651	24.32104
1007.20277	24.34503
1008.42872	24.73068
1009.65435	26.09024
1010.87967	26.1889
1012.10468	24.34882
1013.32937	22.92174
1014.55375	24.19786
1015.77782	25.97878
1017.00158	26.04766
1018.22502	25.63717
1019.44815	26.82031
1020.67097	28.43276
1021.89347	28.47238
1023.11567	26.7086
1024.33755	24.7659
1025.55912	23.77982
1026.78038	23.91827
1028.00132	24.67505
1029.22196	25.42583
1030.44228	25.78861
1031.66229	26.22187
1032.88199	27.49806
1034.10137	29.253
1035.32045	29.77257
1036.53921	28.47866
1037.75767	27.26621
1038.97581	27.15878
1040.19364	27.90888
1041.41116	28.22127
1042.62836	28.46724
1043.84526	27.697
1045.06185	26.89838
1046.27812	26.85309
1047.49409	28.13433
1048.70974	28.79061
1049.92509	28.70894
1051.14012	29.06794
1052.35484	30.49239
1053.56926	31.88854
1054.78336	32.1264
1055.99715	31.19545
1057.21063	30.03423
1058.42381	29.24699
1059.63667	28.71268
1060.84922	27.78288
1062.06147	27.4128
1063.2734	27.78732
1064.48502	28.19108
1065.69634	27.65044
1066.90734	26.53014
1068.11804	25.36368
1069.32842	24.45843
1070.5385	24.43834
1071.74827	24.71133
1072.95773	24.88189
1074.16688	25.13316
1075.37572	25.97795
1076.58425	26.77853
1077.79247	27.35199
1079.00039	27.82144
1080.20799	27.49181
1081.41529	26.23164
1082.62228	25.17108
1083.82896	25.63467
1085.03534	26.93745
1086.2414	28.35122
1087.44716	28.86466
1088.65261	28.39847
1089.85775	27.13543
1091.06258	26.51298
1092.2671	26.30512
1093.47132	25.61397
1094.67523	24.54681
1095.87883	24.71646
1097.08213	25.77094
1098.28511	25.73768
1099.48779	25.10207
1100.69017	25.54689
1101.89223	26.84833
1103.09399	26.85323
1104.29544	26.25052
1105.49659	25.9527
1106.69742	25.47449
1107.89795	24.08456
1109.09818	23.92051
1110.2981	25.55503
1111.49771	26.85499
1112.69701	26.16779
1113.89601	25.2601
1115.0947	25.68503
1116.29309	26.73188
1117.49117	27.01998
1118.68894	26.43018
1119.88641	25.80411
1121.08357	25.0089
1122.28042	24.00088
1123.47697	23.1516
1124.67322	24.02142
1125.86915	25.52278
1127.06479	26.17595
1128.26011	25.08937
1129.45514	24.49996
1130.64985	25.4478
1131.84426	27.59459
1133.03837	28.52962
1134.23217	27.21453
1135.42567	25.01048
1136.61886	24.03281
1137.81175	24.57103
1139.00433	25.1324
1140.1966	25.54899
1141.38858	25.94439
1142.58024	26.36074
1143.77161	26.11666
1144.96267	25.35702
1146.15342	24.77025
1147.34387	25.11155
1148.53402	25.92176
1149.72386	25.43503
1150.9134	23.50868
1152.10263	21.89375
1153.29156	22.08212
1154.48019	23.18507
1155.66851	24.29953
1156.85653	25.08798
1158.04424	25.52034
1159.23166	25.11267
1160.41877	24.42256
1161.60557	24.18064
1162.79207	25.56514
1163.97827	28.02864
1165.16417	29.38719
1166.34976	28.08188
1167.53505	25.94974
1168.72004	25.91809
1169.90472	27.14663
1171.0891	28.28534
1172.27318	28.51962
1173.45696	28.25854
1174.64043	26.18001
1175.8236	24.06367
1177.00647	23.8196
1178.18904	25.61909
1179.3713	26.57905
1180.55326	26.17444
1181.73492	24.76682
1182.91628	23.26994
1184.09734	22.57824
1185.27809	23.96372
1186.45854	25.67727
1187.6387	25.82886
1188.81855	24.94638
1189.99809	25.42972
1191.17734	26.96511
1192.35628	28.74286
1193.53493	29.85026
1194.71327	29.95397
1195.89131	28.2505
1197.06905	26.04347
1198.24649	24.21358
1199.42363	23.51068
1200.60047	24.29014
1201.77701	26.41033
1202.95324	27.11609
1204.12918	25.00498
1205.30481	22.95164
1206.48015	24.56641
1207.65518	27.88977
1208.82992	28.33021
1210.00435	26.02672
1211.17848	25.26669
1212.35232	26.70198
1213.52585	27.0458
1214.69908	25.32809
1215.87202	24.03537
1217.04465	24.57538
1218.21698	25.9082
1219.38902	26.47303
1220.56075	25.58297
1221.73219	24.44406
1222.90332	24.95866
1224.07416	26.75779
1225.2447	27.43547
1226.41494	26.37069
1227.58487	25.54986
1228.75451	25.66182
1229.92385	25.74358
1231.0929	25.01376
1232.26164	23.68132
1233.43008	22.11748
1234.59823	21.7294
1235.76608	23.14032
1236.93363	24.59852
1238.10088	24.73693
1239.26783	24.52938
1240.43448	25.29056
1241.60084	26.06353
1242.76689	26.36439
1243.93265	26.4096
1245.09811	26.52933
1246.26327	26.05904
1247.42814	25.55709
1248.59271	26.03347
1249.75698	26.9314
1250.92095	26.35825
1252.08462	24.55568
1253.248	23.92112
1254.41108	24.69447
1255.57386	24.94368
1256.73634	23.85343
1257.89853	22.91498
1259.06042	22.88349
1260.22202	23.45049
1261.38331	24.00931
1262.54431	24.46533
1263.70501	25.44453
1264.86542	26.37795
1266.02553	26.33252
1267.18534	25.07048
1268.34486	24.91626
1269.50408	25.55434
1270.663	25.50399
1271.82162	24.43036
1272.97995	23.8447
1274.13799	23.53902
1275.29573	22.91724
1276.45317	22.89595
1277.61032	23.85448
1278.76717	25.03536
1279.92372	25.33134
1281.07998	24.59977
1282.23594	23.57714
1283.39161	23.21631
1284.54698	24.10783
1285.70206	24.88378
1286.85684	24.89358
1288.01132	23.93331
1289.16551	23.18072
1290.31941	23.22559
1291.47301	24.93707
1292.62631	27.71392
1293.77932	29.30886
1294.93204	28.27206
1296.08446	25.74842
1297.23658	24.31088
1298.38841	24.53644
1299.53995	25.53499
1300.69119	26.0195
1301.84214	25.09664
1302.99279	23.17241
1304.14315	22.2429
1305.29322	23.56553
1306.44299	25.23563
1307.59246	25.63604
1308.74165	26.09324
1309.89053	27.57216
1311.03913	28.12361
1312.18743	26.94061
1313.33544	25.97815
1314.48315	26.74421
1315.63057	27.69058
1316.77769	27.84397
1317.92453	27.09158
1319.07107	26.86802
1320.21731	26.56333
1321.36327	25.82274
1322.50893	24.13894
1323.65429	23.45146
1324.79937	22.90916
1325.94415	21.46392
1327.08863	19.03236
1328.23283	18.80344
1329.37673	20.51426
1330.52034	22.70084
1331.66366	23.90409
1332.80668	24.20671
1333.94941	22.68587
1335.09185	20.55227
1336.234	19.82209
1337.37586	20.59428
1338.51742	21.13241
1339.65869	21.05756
1340.79967	21.11312
1341.94036	21.68491
1343.08075	22.50952
1344.22086	23.21269
1345.36067	23.29448
1346.50019	22.71354
1347.63942	21.78525
1348.77835	21.24772
1349.917	21.40625
1351.05535	21.814
1352.19341	21.83882
1353.33119	21.72897
1354.46867	21.35812
1355.60586	21.03521
1356.74275	20.71745
1357.87936	21.27815
1359.01568	22.09699
1360.1517	22.85385
1361.28744	21.87054
1362.42288	20.02329
1363.55804	18.83324
1364.6929	19.18648
1365.82747	19.1268
1366.96176	18.29948
1368.09575	17.89461
1369.22945	18.24956
1370.36286	18.57973
1371.49598	18.78581
1372.62881	19.72717
1373.76136	20.4273
1374.89361	20.61299
1376.02557	20.02758
1377.15724	19.1518
1378.28862	17.56042
1379.41972	17.07782
1380.55052	18.50649
1381.68103	20.33015
1382.81126	20.29591
1383.94119	18.85681
1385.07084	17.81154
1386.2002	17.55845
1387.32926	17.65705
1388.45804	17.6852
1389.58653	17.65643
1390.71473	17.79951
1391.84265	18.69634
1392.97027	20.61804
1394.0976	21.94368
1395.22465	20.92247
1396.35141	18.23823
1397.47787	16.82614
1398.60405	17.51857
1399.72995	18.8006
1400.85555	19.60157
1401.98087	20.2216
1403.10589	20.77671
1404.23063	20.79575
1405.35508	20.43698
1406.47925	19.94647
1407.60312	19.77054
1408.72671	20.22203
1409.85001	20.75324
1410.97302	20.08516
1412.09575	17.72778
1413.21819	15.50122
1414.34034	14.81877
1415.4622	15.93737
1416.58377	17.3491
1417.70506	18.49548
1418.82606	18.96571
1419.94678	18.62734
1421.0672	17.1239
1422.18734	15.62537
1423.30719	14.76468
1424.42676	14.5864
1425.54604	14.63767
1426.66503	16.01501
1427.78374	17.55521
1428.90216	18.53202
1430.02029	17.98956
1431.13814	17.25824
1432.2557	15.88156
1433.37297	15.53992
1434.48996	16.15526
1435.60666	17.38069
1436.72308	17.34606
1437.83921	16.87873
1438.95505	16.78739
1440.07061	17.70882
1441.18588	18.3303
1442.30087	17.81264
1443.41557	16.70274
1444.52998	16.72999
1445.64411	17.51596
1446.75796	18.02249
1447.87152	17.26228
1448.98479	15.46337
1450.09778	13.3466
1451.21048	12.86941
1452.3229	14.48575
1453.43503	16.7223
1454.54688	17.97755
1455.65844	17.72499
1456.76972	16.41306
1457.88071	15.29505
1458.99142	15.54117
1460.10185	16.63792
1461.21199	17.32062
1462.32184	17.35787
1463.43141	17.13983
1464.5407	17.14445
1465.6497	17.92875
1466.75842	18.96367
1467.86685	18.86308
1468.975	17.1873
1470.08287	15.44351
1471.19045	14.79486
1472.29775	15.17065
1473.40476	16.33012
1474.51149	17.9888
1475.61794	19.21105
1476.7241	18.35244
1477.82998	15.82776
1478.93558	14.24511
1480.04089	15.28354
1481.14592	17.23781
1482.25067	18.3482
1483.35513	18.91386
1484.45931	19.33259
1485.56321	18.7516
1486.66682	17.6284
1487.77015	17.00939
1488.8732	17.05988
1489.97596	17.16673
1491.07845	17.42461
1492.18065	16.94381
1493.28256	15.9035
1494.3842	15.48129
1495.48555	16.68889
1496.58662	17.70986
1497.68741	17.59608
1498.78791	16.68002
1499.88813	16.27523
1500.98808	17.30433
1502.08773	19.33891
1503.18711	20.65545
1504.28621	19.90836
1505.38502	18.07069
1506.48355	16.5622
1507.5818	16.12208
1508.67977	16.57055
1509.77746	17.18567
1510.87486	17.73269
1511.97198	18.73943
1513.06883	20.39187
1514.16539	21.80583
1515.26167	22.31811
1516.35766	22.96217
1517.45338	24.87268
1518.54882	27.66927
1519.64397	30.0999
1520.73885	31.45918
1521.83344	32.08541
1522.92775	32.14695
1524.02179	32.02803
1525.11554	31.72641
1526.20901	30.98573
1527.3022	29.41002
1528.39511	26.72866
1529.48774	23.7355
1530.58009	20.94676
1531.67216	18.92276
1532.76394	17.57169
1533.85545	18.26276
1534.94668	20.50382
1536.03763	22.51486
1537.1283	22.08328
1538.21869	20.896
1539.3088	20.25529
1540.39863	20.44436
1541.48818	19.77669
1542.57745	18.12465
1543.66644	16.34296
1544.75515	15.77565
1545.84358	16.55901
1546.93173	16.83804
1548.0196	15.84152
1549.1072	13.60182
1550.19451	11.40321
1551.28155	9.39627
1552.36831	8.54743
1553.45478	9.69452
1554.54098	12.38051
1555.6269	14.28297
1556.71254	13.5358
1557.79791	11.40941
1558.88299	9.58194
1559.9678	8.63617
1561.05232	7.49707
1562.13657	6.04678
1563.22054	5.37613
1564.30424	6.00604
1565.38765	6.13387
1566.47079	3.22718
1567.55364	-0.81069
1568.63622	-2.42497
1569.71853	-0.67411
1570.80055	0.8473
1571.8823	0.24695
1572.96376	-1.88515
1574.04495	-3.35699
1575.12587	-4.26888
1576.2065	-5.1661
1577.28686	-6.95866
1578.36694	-8.63892
1579.44675	-9.97506
1580.52627	-10.90017
1581.60552	-12.45207
1582.68449	-13.46971
1583.76319	-11.75033
1584.8416	-7.11739
1585.91975	-2.86382
1586.99761	-2.03025
1588.0752	-3.92087
1589.15251	-7.3908
1590.22954	-10.7653
1591.3063	-12.70772
1592.38278	-11.95579
1593.45898	-9.9042
1594.53491	-7.59096
1595.61056	-6.21021
1596.68593	-6.29538
1597.76103	-7.53278
1598.83585	-7.3889
1599.9104	-4.69357
1600.98467	-0.39323
1602.05866	3.30794
1603.13238	4.98242
1604.20582	4.09075
1605.27899	2.08986
1606.35188	1.48222
1607.4245	2.97482
1608.49684	4.57749
1609.5689	4.80126
1610.64069	4.40269
1611.7122	4.28321
1612.78344	4.16658
1613.8544	4.12317
1614.92509	4.89467
1615.9955	5.64743
1617.06564	5.52161
1618.1355	4.80174
1619.20509	5.67418
1620.2744	7.45136
1621.34344	8.69855
1622.4122	8.13604
1623.48069	7.97826
1624.5489	7.98101
1625.61684	7.59557
1626.6845	6.36008
1627.75189	6.24999
1628.81901	6.70642
1629.88585	6.82637
1630.95241	6.42378
1632.01871	6.39515
1633.08473	6.92216
1634.15047	7.24789
1635.21594	7.05555
1636.28114	6.70518
1637.34606	6.83592
1638.41071	7.28853
1639.47508	7.6504
1640.53918	8.24231
1641.60301	8.51626
1642.66657	8.87764
1643.72985	9.27458
1644.79285	9.78688
1645.85559	8.92716
1646.91805	7.75009
1647.98024	7.67154
1649.04215	9.03406
1650.10379	9.63981
1651.16516	8.13906
1652.22625	5.64412
1653.28708	4.66393
1654.34763	6.102
1655.4079	7.68491
1656.46791	7.2578
1657.52764	5.54687
1658.5871	5.25614
1659.64628	7.00114
1660.7052	8.88151
1661.76384	9.38431
1662.82221	8.84561
1663.8803	8.30824
1664.93813	8.58991
1665.99568	9.83651
1667.05296	10.44951
1668.10997	8.8999
1669.1667	6.90827
1670.22317	6.67917
1671.27936	8.07928
1672.33528	8.09268
1673.39093	5.46695
1674.44631	0.85293
1675.50141	-0.92681
1676.55625	1.56296
1677.61081	5.47978
1678.6651	6.54541
1679.71912	5.94342
1680.77287	5.13579
1681.82635	4.90835
1682.87955	5.29262
1683.93249	6.40383
1684.98515	7.09797
1686.03754	7.46599
1687.08967	7.59529
1688.14152	7.05598
1689.1931	6.22283
1690.24441	6.88062
1691.29545	8.37994
1692.34622	8.27106
1693.39671	6.14728
1694.44694	4.74255
1695.4969	5.32687
1696.54659	6.92478
1697.596	7.31073
1698.64515	6.1569
1699.69403	4.25218
1700.74263	3.68696
1701.79097	5.06708
1702.83904	6.86982
1703.88683	7.04137
1704.93436	5.77459
1705.98162	4.81935
1707.0286	4.12521
1708.07532	3.98599
1709.12177	4.59442
1710.16795	5.70923
1711.21385	5.25022
1712.25949	3.9386
1713.30486	2.96415
1714.34997	3.08359
1715.3948	3.82448
1716.43936	4.67544
1717.48365	4.8746
1718.52768	4.0147
1719.57143	3.01379
1720.61492	2.5261
1721.65814	3.29439
1722.70108	4.32947
1723.74377	4.37873
1724.78618	3.4177
1725.82832	3.03609
1726.87019	3.95196
1727.9118	5.47243
1728.95314	5.99817
1729.99421	4.57432
1731.03501	2.95292
1732.07554	3.1238
1733.1158	4.5205
1734.1558	4.91728
1735.19553	4.58973
1736.23499	3.44719
1737.27418	2.04649
1738.3131	1.06839
1739.35176	2.21954
1740.39015	4.24338
1741.42827	5.60373
1742.46613	5.59388
1743.50371	5.24589
1744.54103	5.05311
1745.57808	4.38465
1746.61486	2.84282
1747.65138	0.636
1748.68763	-1.30121
1749.72361	-2.40655
1750.75933	-1.68481
1751.79477	0.13028
1752.82996	1.99343
1753.86487	2.71609
1754.89952	2.7127
1755.9339	1.86919
1756.96801	0.58002
1758.00186	-0.76612
1759.03544	-1.61656
1760.06875	-1.20956
1761.1018	0.85546
1762.13458	3.35485
1763.16709	3.82302
1764.19934	2.60869
1765.23132	1.56361
1766.26304	1.35591
1767.29449	1.04512
1768.32567	0.45614
1769.35659	-0.91684
1770.38724	-2.58035
1771.41762	-3.16204
1772.44774	-1.79895
1773.47759	-0.17495
1774.50718	0.72576
1775.5365	0.81362
1776.56556	0.69529
1777.59435	0.65068
1778.62288	0.90013
1779.65114	0.24913
1780.67913	-1.24173
1781.70686	-1.57353
1782.73432	0.23336
1783.76152	1.68539
1784.78846	1.54365
1785.81513	1.2293
1786.84153	1.17342
1787.86767	-0.15213
1788.89354	-2.36206
1789.91915	-3.05979
1790.9445	-2.07732
1791.96957	-0.85506
1792.99439	-0.29869
1794.01894	-0.04605
1795.04323	-0.88811
1796.06725	-2.72774
1797.091	-3.95923
1798.1145	-3.64863
1799.13773	-2.75668
1800.16069	-2.35175
1801.18339	-1.94419
1802.20582	-2.04761
1803.228	-2.28753
1804.2499	-2.39995
1805.27155	-2.22008
1806.29293	-2.83061
1807.31404	-3.39984
1808.3349	-3.50261
1809.35549	-3.52157
1810.37581	-3.76984
1811.39587	-3.22414
1812.41567	-2.65864
1813.4352	-3.39202
1814.45448	-5.34219
1815.47348	-6.38463
1816.49223	-6.2786
1817.51071	-5.53297
1818.52893	-5.50371
1819.54688	-6.25477
1820.56458	-7.46859
1821.582	-7.1727
1822.59917	-5.57357
1823.61607	-4.3605
1824.63271	-5.1448
1825.64909	-6.42818
1826.66521	-6.68269
1827.68106	-6.15542
1828.69665	-6.29274
1829.71198	-7.01756
1830.72704	-7.03028
1831.74184	-6.43099
1832.75639	-6.46081
1833.77066	-7.11735
1834.78468	-7.18842
1835.79843	-6.45126
1836.81192	-6.46597
1837.82515	-7.61439
1838.83812	-8.99499
1839.85083	-8.60982
1840.86327	-7.39969
1841.87545	-6.90726
1842.88737	-7.62374
1843.89903	-7.41132
1844.91043	-6.51791
1845.92156	-5.89675
1846.93244	-6.44442
1847.94305	-7.6249
1848.9534	-9.30272
1849.96349	-9.77407
1850.97332	-9.11191
1851.98289	-8.75378
1852.99219	-9.49625
1854.00124	-9.52463
1855.01002	-8.63932
1856.01855	-8.66986
1857.02681	-9.54143
1858.03481	-9.55452
1859.04255	-8.79438
1860.05003	-9.49572
1861.05725	-11.00658
1862.06421	-11.09234
1863.07091	-9.97956
1864.07734	-9.89482
1865.08352	-10.9392
1866.08944	-10.82028
1867.09509	-9.14835
1868.10049	-7.48289
1869.10563	-7.67835
1870.1105	-8.70238
1871.11512	-9.2585
1872.11947	-8.65337
1873.12357	-7.99704
1874.1274	-7.7138
1875.13098	-7.78867
1876.1343	-7.75452
1877.13735	-7.48142
1878.14015	-7.23514
1879.14269	-7.52182
1880.14496	-9.18052
1881.14698	-11.71732
1882.14874	-13.24973
1883.15024	-12.15753
1884.15148	-9.41185
1885.15246	-6.94079
1886.15318	-6.57229
1887.15364	-7.92888
1888.15385	-9.31257
1889.15379	-9.02929
1890.15347	-8.53265
1891.1529	-8.70602
1892.15207	-9.13146
1893.15097	-9.31448
1894.14962	-9.39503
1895.14802	-8.80469
1896.14615	-7.27841
1897.14402	-6.52426
1898.14164	-6.67199
1899.13899	-7.61191
1900.13609	-9.04743
1901.13293	-10.84344
1902.12951	-11.13244
1903.12583	-9.32595
1904.1219	-6.67188
1905.11771	-4.98161
1906.11326	-4.8545
1907.10855	-5.47936
1908.10358	-5.61649
1909.09835	-5.22262
1910.09287	-5.08006
1911.08713	-6.1233
1912.08113	-8.1
1913.07488	-9.62374
1914.06836	-10.043
1915.06159	-9.9675
1916.05456	-10.90389
1917.04728	-11.14769
1918.03973	-10.07966
1919.03193	-7.62104
1920.02387	-5.7713
1921.01556	-4.47992
1922.00699	-4.92391
1922.99816	-6.70333
1923.98907	-7.86795
1924.97973	-6.56126
1925.97012	-4.11325
1926.96027	-3.32669
1927.95015	-4.54678
1928.93978	-6.21133
1929.92915	-6.5252
1930.91827	-5.68266
1931.90713	-4.72125
1932.89573	-4.20173
1933.88408	-4.00698
1934.87217	-3.79395
1935.86	-3.34636
1936.84758	-2.7815
1937.8349	-3.02707
1938.82196	-4.3409
1939.80877	-6.06574
1940.79532	-7.23995
1941.78162	-7.3917
1942.76766	-6.66031
1943.75344	-6.28426
1944.73897	-7.24705
1945.72424	-9.11171
1946.70926	-10.21429
1947.69402	-9.80563
1948.67853	-8.54596
1949.66278	-8.23432
1950.64677	-9.23721
1951.63051	-10.28325
1952.614	-10.2261
1953.59722	-10.23274
1954.5802	-11.15289
1955.56291	-12.26664
1956.54538	-13.06511
1957.52759	-13.67221
1958.50954	-13.754
1959.49123	-12.8281
1960.47268	-11.97164
1961.45387	-12.0783
1962.4348	-13.21574
1963.41548	-14.57257
1964.3959	-15.59429
1965.37607	-16.02607
1966.35598	-16.50876
1967.33564	-16.74915
1968.31505	-16.47727
1969.2942	-14.94901
1970.27309	-13.0047
1971.25173	-11.61677
1972.23012	-12.13283
1973.20826	-14.06146
1974.18613	-15.70648
1975.16376	-16.47022
1976.14113	-16.72613
1977.11825	-17.1999
1978.09511	-16.98343
1979.07172	-16.30393
1980.04807	-15.6605
1981.02418	-15.92676
1982.00002	-17.25734
1982.97562	-19.13608
1983.95096	-19.78549
1984.92604	-18.32079
1985.90088	-16.7543
1986.87546	-17.23085
1987.84978	-18.64692
1988.82386	-19.18075
1989.79768	-19.76049
1990.77124	-21.31431
1991.74456	-21.80925
1992.71762	-19.40517
1993.69043	-16.40148
1994.66298	-15.54086
1995.63528	-17.02568
1996.60733	-18.99851
1997.57913	-20.03362
1998.55067	-19.85835
1999.52196	-19.65561
2000.493	-20.52365
2001.46378	-21.12283
2002.43431	-20.28393
2003.40459	-18.49083
2004.37462	-17.57141
2005.3444	-17.7534
2006.31392	-18.80861
2007.28319	-19.86543
2008.25221	-21.00035
2009.22097	-22.0303
2010.18949	-23.22328
2011.15775	-23.47346
2012.12576	-22.76455
2013.09352	-21.14616
2014.06102	-20.02223
2015.02828	-19.9953
2015.99528	-20.8504
2016.96203	-21.04827
2017.92853	-20.2515
2018.89477	-20.32056
2019.86077	-21.80491
2020.82651	-23.37867
2021.79201	-23.08877
2022.75725	-21.74612
2023.72224	-20.36694
2024.68698	-20.02166
2025.65146	-20.45327
2026.6157	-21.18933
2027.57968	-21.14295
2028.54342	-20.27926
2029.5069	-19.4732
2030.47013	-19.65686
2031.43311	-20.41794
2032.39584	-21.11073
2033.35832	-21.22921
2034.32055	-21.53187
2035.28253	-21.90172
2036.24426	-22.15013
2037.20573	-21.1675
2038.16696	-20.09133
2039.12794	-19.99056
2040.08866	-21.29453
2041.04914	-22.17621
2042.00936	-21.52242
2042.96933	-19.81397
2043.92906	-19.14217
2044.88853	-20.69524
2045.84776	-23.45195
2046.80673	-25.07664
2047.76545	-24.87173
2048.72393	-24.2177
2049.68215	-24.23991
2050.64013	-24.52501
2051.59785	-24.27062
2052.55532	-24.35766
2053.51255	-25.12451
2054.46952	-26.00106
2055.42625	-25.14946
2056.38273	-23.06654
2057.33895	-21.5493
2058.29493	-21.84829
2059.25066	-22.38559
2060.20614	-21.60326
2061.16137	-21.07572
2062.11635	-21.86922
2063.07108	-22.79973
2064.02556	-21.93623
2064.97979	-21.66695
2065.93378	-23.27277
2066.88751	-25.65139
2067.841	-26.14445
2068.79424	-25.26781
2069.74722	-24.22272
2070.69996	-24.44837
2071.65246	-25.59714
2072.6047	-26.45919
2073.55669	-26.08165
2074.50844	-25.61815
2075.45994	-25.59105
2076.41119	-25.28735
2077.36219	-24.96299
2078.31294	-26.06712
2079.26344	-27.88917
2080.2137	-27.75198
2081.16371	-26.11372
2082.11347	-24.81987
2083.06298	-24.52255
2084.01224	-24.40572
2084.96126	-25.30206
2085.91003	-26.86592
2086.85855	-27.70591
2087.80682	-27.76619
2088.75484	-28.02081
2089.70262	-28.61556
2090.65015	-28.08633
2091.59743	-26.5538
2092.54447	-25.27185
2093.49125	-25.47782
2094.43779	-26.27066
2095.38409	-26.9087
2096.33013	-28.00242
2097.27593	-29.47283
2098.22148	-29.65348
2099.16678	-27.90957
2100.11184	-26.32092
2101.05665	-26.0633
2102.00121	-26.57408
2102.94553	-26.58002
2103.8896	-26.31811
2104.83342	-25.95095
2105.77699	-26.01799
2106.72032	-26.41364
2107.66341	-27.28061
2108.60624	-28.5099
2109.54883	-29.47968
2110.49117	-29.14629
2111.43327	-27.35643
2112.37512	-26.01487
2113.31672	-26.60307
2114.25808	-28.83929
2115.19919	-30.10664
2116.14005	-29.33939
2117.08067	-27.84518
2118.02105	-27.48801
2118.96117	-27.75988
2119.90105	-27.94582
2120.84069	-28.03802
2121.78008	-27.6703
2122.71922	-26.45767
2123.65812	-25.56381
2124.59677	-26.50848
2125.53518	-28.60226
2126.47334	-30.29605
2127.41125	-30.15048
2128.34892	-28.63062
2129.28635	-27.07577
2130.22352	-27.59735
2131.16046	-29.39567
2132.09715	-30.79012
2133.03359	-31.16125
2133.96979	-31.93824
2134.90574	-33.16829
2135.84145	-33.60286
2136.77691	-32.83893
2137.71213	-31.12104
2138.6471	-29.24791
2139.58183	-27.72771
2140.51631	-27.87247
2141.45055	-29.08103
2142.38454	-30.444
2143.31829	-30.58374
2144.2518	-30.26268
2145.18506	-29.9336
2146.11807	-30.29853
2147.05084	-30.38826
2147.98337	-30.20422
2148.91565	-29.83766
2149.84769	-30.46713
2150.77948	-31.60988
2151.71103	-32.84289
2152.64234	-33.1721
2153.5734	-33.42889
2154.50422	-33.54145
2155.43479	-33.56236
2156.36512	-33.06486
2157.2952	-32.69455
2158.22505	-32.40852
2159.15464	-31.74564
2160.084	-31.26819
2161.01311	-31.476
2161.94198	-32.6689
2162.8706	-33.63335
2163.79898	-33.95454
2164.72712	-33.33971
2165.65501	-32.68753
2166.58266	-32.3656
2167.51007	-32.46488
2168.43723	-32.40973
2169.36415	-32.08921
2170.29083	-31.95957
2171.21726	-33.08078
2172.14345	-34.6252
2173.0694	-34.63425
2173.9951	-32.60729
2174.92056	-30.5877
2175.84578	-30.08537
2176.77076	-30.6831
2177.69549	-31.58465
2178.61998	-31.97015
2179.54423	-31.85697
2180.46824	-31.61586
2181.392	-32.07925
2182.31552	-32.90106
2183.2388	-33.7193
2184.16183	-33.71987
2185.08463	-33.74746
2186.00718	-34.65775
2186.92949	-36.54669
2187.85156	-36.57637
2188.77338	-34.73307
2189.69496	-32.87258
2190.6163	-33.55756
2191.5374	-35.26509
2192.45826	-36.94855
2193.37887	-37.30822
2194.29925	-37.10795
2195.21938	-36.06022
2196.13927	-35.0296
2197.05891	-34.08336
2197.97832	-34.19017
2198.89748	-35.02635
2199.81641	-35.81974
2200.73509	-35.27869
2201.65353	-33.98129
2202.57173	-33.68333
2203.48969	-34.39859
2204.4074	-34.65206
2205.32488	-33.69634
2206.24211	-33.52229
2207.1591	-34.58487
2208.07586	-35.83666
2208.99237	-35.27992
2209.90864	-33.50443
2210.82467	-32.14942
2211.74045	-32.81301
2212.656	-34.1487
2213.57131	-34.4355
2214.48637	-33.95547
2215.4012	-35.19992
2216.31578	-37.15137
2217.23013	-37.51479
2218.14423	-36.25716
2219.05809	-36.13702
2219.97171	-36.55828
2220.8851	-35.77947
2221.79824	-34.19618
2222.71114	-33.5736
2223.6238	-33.89584
2224.53622	-34.49807
2225.4484	-35.52009
2226.36034	-36.86323
2227.27205	-37.86931
2228.18351	-38.44846
2229.09473	-38.64892
2230.00571	-38.40291
2230.91645	-37.52163
2231.82695	-36.09682
2232.73721	-35.24422
2233.64724	-35.94091
2234.55702	-37.93557
2235.46656	-38.66086
2236.37587	-38.22238
2237.28493	-37.45246
2238.19376	-37.41912
2239.10234	-37.16035
2240.01069	-37.48667
2240.91879	-38.22492
2241.82666	-39.04841
2242.73429	-38.85531
2243.64168	-37.82615
2244.54883	-36.5933
2245.45574	-36.19627
2246.36241	-37.00889
2247.26885	-38.44188
2248.17504	-38.78064
2249.081	-37.41267
2249.98672	-35.6922
2250.89219	-35.59982
2251.79743	-36.25738
2252.70243	-36.33564
2253.6072	-35.97073
2254.51172	-36.89182
2255.41601	-38.88651
2256.32005	-40.4768
2257.22386	-40.31172
2258.12743	-39.41704
2259.03076	-39.17325
2259.93386	-39.7642
2260.83671	-39.87442
2261.73933	-39.52704
2262.64171	-39.10097
2263.54385	-38.7187
2264.44576	-38.40708
2265.34742	-39.25225
2266.24885	-40.83907
2267.15004	-41.65318
2268.05099	-40.82456
2268.95171	-39.88437
2269.85218	-39.65039
2270.75242	-40.20338
2271.65242	-40.59645
2272.55219	-40.67922
2273.45172	-40.18111
2274.351	-39.46858
2275.25006	-39.15874
2276.14887	-39.59242
2277.04745	-40.64015
2277.94579	-41.25387
2278.84389	-41.58725
2279.74176	-41.97268
2280.63938	-42.64445
2281.53678	-42.44384
2282.43393	-41.43371
2283.33085	-40.64779
2284.22753	-40.69367
2285.12397	-41.16869
2286.02018	-41.62529
2286.91615	-42.41878
2287.81188	-42.88366
2288.70738	-42.52148
2289.60264	-41.50524
2290.49766	-41.37814
2291.39245	-41.90277
2292.287	-42.47691
2293.18132	-42.71717
2294.07539	-43.25111
2294.96924	-43.19866
2295.86284	-42.84397
2296.75621	-42.90645
2297.64934	-44.30553
2298.54224	-45.30609
2299.4349	-44.96944
2300.32733	-43.55678
2301.21951	-43.33946
2302.11147	-44.28015
2303.00318	-44.98086
2303.89467	-44.31163
2304.78591	-43.85092
2305.67692	-44.14781
2306.56769	-44.46771
2307.45823	-43.76377
2308.34854	-43.03435
2309.2386	-43.12811
2310.12843	-44.042
2311.01803	-44.42114
2311.90739	-44.20778
2312.79652	-44.2006
2313.68541	-44.71514
2314.57406	-44.78531
2315.46248	-44.14952
2316.35067	-43.4827
2317.23862	-43.3022
2318.12633	-43.78522
2319.01381	-44.46132
2319.90105	-44.70692
2320.78806	-43.99396
2321.67484	-42.90833
2322.56138	-42.33048
2323.44768	-42.78742
2324.33375	-44.0478
2325.21959	-45.2861
2326.10519	-46.15046
2326.99056	-46.60217
2327.87569	-47.2701
2328.76059	-47.57625
2329.64525	-47.05917
2330.52968	-45.73852
2331.41387	-45.07409
2332.29783	-45.05795
2333.18156	-45.5256
2334.06505	-45.89313
2334.94831	-46.39122
2335.83133	-46.14257
2336.71412	-45.66116
2337.59668	-45.3556
2338.479	-45.95485
2339.36109	-46.70143
2340.24294	-47.58151
2341.12456	-48.04686
2342.00595	-47.6937
2342.8871	-46.12961
2343.76802	-45.08505
2344.6487	-45.93146
2345.52915	-47.68985
2346.40937	-47.59523
2347.28936	-45.32551
2348.16911	-42.76565
2349.04862	-41.82061
2349.92791	-42.72834
2350.80696	-45.06067
2351.68578	-47.5016
2352.56436	-48.95615
2353.44271	-48.81034
2354.32083	-47.68056
2355.19872	-46.6026
2356.07637	-46.36896
2356.95379	-46.72137
2357.83097	-46.56397
2358.70793	-45.91959
2359.58465	-45.43947
2360.46114	-45.91515
2361.33739	-46.54177
2362.21341	-47.20636
2363.0892	-47.8687
2363.96476	-48.21379
2364.84008	-46.95155
2365.71518	-45.25719
2366.59004	-45.25388
2367.46466	-47.13813
2368.33906	-48.19417
2369.21322	-47.8649
2370.08715	-47.65666
2370.96085	-48.70665
2371.83432	-49.61905
2372.70755	-50.02663
2373.58055	-50.82098
2374.45332	-51.92201
2375.32586	-51.79866
2376.19817	-50.37155
2377.07024	-49.701
2377.94208	-50.00872
2378.81369	-49.8898
2379.68507	-48.89308
2380.55622	-48.41076
2381.42713	-48.65868
2382.29782	-48.47425
2383.16827	-48.10803
2384.03849	-48.08118
2384.90848	-48.18803
2385.77824	-47.32716
2386.64776	-46.85601
2387.51706	-47.28154
2388.38612	-48.41156
2389.25495	-49.01459
2390.12355	-49.74049
2390.99192	-49.92666
2391.86006	-49.45887
2392.72797	-48.61857
2393.59565	-48.6726
2394.4631	-49.01849
2395.33031	-48.93509
2396.19729	-48.45706
2397.06405	-47.96032
2397.93057	-47.78538
2398.79686	-48.46857
2399.66292	-50.39521
2400.52875	-52.24599
2401.39435	-53.12058
2402.25972	-52.94257
2403.12486	-52.79173
2403.98977	-53.40275
2404.85445	-55.38062
2405.7189	-56.84492
2406.58312	-55.50647
2407.4471	-51.61109
2408.31086	-48.3411
2409.17439	-47.55429
2410.03768	-48.14121
2410.90075	-48.72817
2411.76359	-49.32816
2412.62619	-50.69799
2413.48857	-52.05406
2414.35072	-52.26795
2415.21263	-52.14829
2416.07432	-52.97375
2416.93578	-54.29056
2417.79701	-53.55619
2418.65801	-51.22868
2419.51877	-49.4543
2420.37931	-50.16276
2421.23962	-51.46599
2422.0997	-51.59712
2422.95955	-50.72865
2423.81917	-50.78013
2424.67857	-51.92871
2425.53773	-52.77956
2426.39666	-52.82924
2427.25536	-52.26588
2428.11384	-51.68459
2428.97209	-51.00426
2429.8301	-50.49002
2430.68789	-50.06445
2431.54545	-50.59945
2432.40278	-51.94746
2433.25988	-52.68681
2434.11675	-52.15954
2434.97339	-51.80394
2435.82981	-52.48677
2436.68599	-53.32934
2437.54195	-53.70656
2438.39768	-52.96765
2439.25318	-50.81663
2440.10845	-49.29604
2440.96349	-50.95361
2441.81831	-54.45461
2442.67289	-56.01678
2443.52725	-55.41573
2444.38138	-55.20973
2445.23528	-56.09683
2446.08895	-56.13026
2446.9424	-54.84515
2447.79562	-54.10583
2448.6486	-54.48084
2449.50137	-54.50697
2450.3539	-53.5586
2451.2062	-53.19785
2452.05828	-53.91706
2452.91013	-54.73071
2453.76175	-54.79519
2454.61314	-54.31953
2455.46431	-54.02643
2456.31525	-55.11695
2457.16596	-57.04529
2458.01644	-57.96958
2458.86669	-57.15588
2459.71672	-56.09559
2460.56652	-55.02498
2461.41609	-53.56717
2462.26544	-52.61668
2463.11456	-53.08077
2463.96345	-54.75148
2464.81211	-56.03941
2465.66055	-56.64551
2466.50876	-55.95469
2467.35674	-55.29544
2468.2045	-55.13054
2469.05202	-55.80464
2469.89933	-55.90281
2470.7464	-55.456
2471.59325	-55.20143
2472.43987	-55.66124
2473.28626	-55.63702
2474.13243	-54.63861
2474.97837	-54.07849
2475.82408	-54.79817
2476.66957	-55.84301
2477.51483	-56.40935
2478.35987	-56.56906
2479.20467	-56.24557
2480.04926	-55.72734
2480.89361	-55.70362
2481.73774	-55.5825
2482.58164	-54.71608
2483.42532	-53.67413
2484.26877	-54.02695
2485.11199	-55.95836
2485.95499	-58.79862
2486.79776	-59.90059
2487.64031	-58.49983
2488.48263	-56.25244
2489.32472	-56.55067
2490.16659	-58.14533
2491.00823	-58.71999
2491.84965	-57.29536
2492.69084	-56.41358
2493.5318	-56.52934
2494.37254	-57.18358
2495.21306	-57.52751
2496.05334	-58.24762
2496.89341	-59.06516
2497.73324	-59.45659
2498.57285	-59.0113
2499.41224	-58.37129
2500.2514	-57.97119
2501.09034	-57.51799
2501.92905	-57.00428
2502.76753	-57.36897
2503.60579	-58.92981
2504.44383	-60.1939
2505.28164	-59.72812
2506.11922	-58.34078
2506.95658	-57.81346
2507.79371	-58.72338
2508.63062	-59.57704
2509.46731	-59.71692
2510.30377	-59.59917
2511.14	-59.52463
2511.97601	-58.89325
2512.8118	-58.5643
2513.64736	-59.45743
2514.4827	-60.29465
2515.31781	-59.62234
2516.1527	-58.44092
2516.98736	-57.96757
2517.8218	-57.78043
2518.65601	-57.53194
2519.49	-58.37554
2520.32377	-59.755
2521.15731	-60.38131
2521.99062	-59.48075
2522.82372	-58.95251
2523.65659	-59.08741
2524.48923	-59.39475
2525.32165	-58.64171
2526.15385	-57.66102
2526.98582	-57.3393
2527.81757	-57.91729
2528.64909	-58.84918
2529.4804	-59.44452
2530.31147	-59.79346
2531.14233	-59.14697
2531.97296	-58.70765
2532.80336	-59.18293
2533.63354	-60.68372
2534.4635	-60.80918
2535.29324	-60.06243
2536.12275	-59.44699
2536.95204	-59.47322
2537.7811	-59.34987
2538.60995	-60.11382
2539.43856	-61.76874
2540.26696	-62.84989
2541.09513	-62.04398
2541.92308	-60.49971
2542.75081	-59.32419
2543.57831	-58.90883
2544.40559	-58.88416
2545.23264	-59.53083
2546.05948	-59.98449
2546.88609	-60.06047
2547.71248	-59.69459
2548.53864	-60.10051
2549.36458	-60.43027
2550.1903	-60.31019
2551.0158	-59.48612
2551.84107	-59.33887
2552.66613	-60.18885
2553.49095	-61.55592
2554.31556	-62.45767
2555.13995	-62.59105
2555.96411	-61.83842
2556.78805	-60.29077
2557.61176	-58.97848
2558.43526	-59.27213
2559.25853	-60.65948
2560.08158	-61.59491
2560.90441	-61.17867
2561.72701	-60.50834
2562.5494	-60.95239
2563.37156	-62.6612
2564.1935	-64.06905
2565.01521	-64.13404
2565.83671	-63.12431
2566.65798	-62.30939
2567.47903	-62.05883
2568.29986	-62.34508
2569.12047	-62.25167
2569.94086	-61.55234
2570.76102	-60.76721
2571.58097	-60.85165
2572.40069	-61.83983
2573.22019	-62.49672
2574.03947	-62.57078
2574.85852	-62.21614
2575.67736	-62.3984
2576.49597	-62.76093
2577.31437	-63.60932
2578.13254	-64.40676
2578.95049	-64.90732
2579.76822	-63.73388
2580.58573	-61.75238
2581.40301	-60.69483
2582.22008	-61.53807
2583.03692	-62.01387
2583.85355	-61.36221
2584.66995	-61.06403
2585.48613	-62.08482
2586.30209	-62.49667
2587.11783	-61.37774
2587.93335	-60.55193
2588.74865	-61.01408
2589.56373	-61.31391
2590.37859	-60.44494
2591.19322	-60.20635
2592.00764	-61.37732
2592.82183	-62.23273
2593.63581	-61.10461
2594.44956	-59.31262
2595.2631	-58.79937
2596.07641	-59.24663
2596.88951	-58.80067
2597.70238	-57.03637
2598.51503	-56.02793
2599.32746	-56.81594
2600.13968	-57.8691
2600.95167	-57.40669
2601.76344	-56.39521
2602.57499	-56.1914
2603.38633	-56.5282
2604.19744	-56.65448
2605.00833	-56.37164
2605.819	-55.50453
2606.62946	-53.35501
2607.43969	-51.15865
2608.2497	-50.00862
2609.0595	-49.83203
2609.86907	-49.17692
2610.67843	-48.81726
2611.48756	-49.28498
2612.29648	-50.00733
2613.10517	-50.0093
2613.91365	-49.75593
2614.72191	-49.26021
2615.52994	-48.59507
2616.33776	-47.90713
2617.14536	-47.69088
2617.95274	-47.44424
2618.7599	-47.02971
2619.56684	-45.79613
2620.37356	-44.18447
2621.18007	-43.57524
2621.98635	-45.12474
2622.79242	-47.3075
2623.59826	-48.14006
2624.40389	-47.11204
2625.2093	-46.03148
2626.01449	-46.36249
2626.81946	-48.3121
2627.62421	-49.83839
2628.42875	-50.34062
2629.23306	-50.12336
2630.03716	-49.67007
2630.84103	-48.49928
2631.64469	-47.83775
2632.44813	-48.59262
2633.25136	-50.56225
2634.05436	-52.45138
2634.85714	-53.54991
2635.65971	-52.98437
2636.46206	-51.91923
2637.26419	-52.0834
2638.0661	-53.65128
2638.8678	-54.87183
2639.66927	-55.66239
2640.47053	-56.43922
2641.27157	-57.00596
2642.07239	-57.37692
2642.873	-58.17143
2643.67338	-58.85614
2644.47355	-58.92654
2645.2735	-58.83567
2646.07323	-59.18421
2646.87275	-59.23397
2647.67205	-59.10931
2648.47112	-59.06277
2649.26999	-59.79031
2650.06863	-60.70066
2650.86706	-61.83601
2651.66527	-62.62722
2652.46326	-63.55984
2653.26103	-64.0212
2654.05859	-64.10332
2654.85593	-63.81851
2655.65305	-64.02092
2656.44995	-64.0036
2657.24664	-63.85956
2658.04311	-64.08011
2658.83937	-65.22072
2659.6354	-65.67749
2660.43122	-65.03
2661.22682	-64.25974
2662.02221	-65.22335
2662.81738	-66.62488
2663.61233	-67.11717
2664.40706	-66.67609
2665.20158	-66.93567
2665.99588	-67.66646
2666.78997	-68.00077
2667.58383	-67.66891
2668.37748	-66.54107
2669.17092	-65.86156
2669.96413	-66.33635
2670.75714	-67.91853
2671.54992	-68.68104
2672.34249	-69.13296
2673.13484	-69.7874
2673.92698	-70.53917
2674.71889	-70.2318
2675.5106	-69.24434
2676.30208	-68.1216
2677.09335	-67.44533
2677.88441	-67.33849
2678.67525	-68.52815
2679.46587	-70.15421
2680.25627	-71.29016
2681.04646	-70.99979
2681.83644	-70.4766
2682.62619	-69.97643
2683.41574	-69.81834
2684.20506	-69.84565
2684.99417	-70.40395
2685.78307	-71.19967
2686.57175	-71.71809
2687.36021	-71.68504
2688.14846	-71.22264
2688.93649	-70.8194
2689.7243	-70.78234
2690.5119	-70.99193
2691.29929	-71.62049
2692.08646	-72.00875
2692.87341	-71.75
2693.66015	-70.65877
2694.44668	-70.72871
2695.23299	-72.06168
2696.01908	-73.78307
2696.80496	-73.86883
2697.59062	-73.14212
2698.37607	-72.6117
2699.1613	-73.29486
2699.94632	-73.64901
2700.73112	-73.25247
2701.51571	-72.39378
2702.30008	-72.00777
2703.08424	-71.34404
2703.86818	-70.79372
2704.65191	-71.11216
2705.43542	-72.08702
2706.21872	-72.27957
2707.0018	-71.44834
2707.78467	-71.1398
2708.56733	-71.9519
2709.34977	-73.34601
2710.13199	-73.81673
2710.914	-73.45351
2711.6958	-72.58387
2712.47738	-72.29069
2713.25875	-72.69316
2714.0399	-73.90712
2714.82084	-74.58909
2715.60157	-74.39901
2716.38208	-73.52465
2717.16237	-72.83281
2717.94245	-71.54428
2718.72232	-70.17813
2719.50198	-69.89092
2720.28142	-71.38241
2721.06064	-73.2022
2721.83965	-74.4335
2722.61845	-75.08034
2723.39704	-75.57236
2724.17541	-75.71608
2724.95356	-74.86569
2725.73151	-72.85889
2726.50924	-71.41741
2727.28675	-72.23599
2728.06405	-74.45307
2728.84114	-75.52895
2729.61802	-75.16364
2730.39468	-75.17923
2731.17113	-76.44838
2731.94736	-77.50761
2732.72338	-76.82834
2733.49919	-74.90408
2734.27478	-73.83586
2735.05016	-74.43
2735.82533	-75.30886
2736.60029	-74.87609
2737.37503	-74.32672
2738.14956	-74.86072
2738.92387	-75.80686
2739.69797	-75.14331
2740.47186	-73.97502
2741.24554	-73.60786
2742.019	-74.30324
2742.79225	-74.39784
2743.56529	-74.42153
2744.33811	-74.63631
2745.11073	-75.13049
2745.88313	-75.27969
2746.65531	-75.16625
2747.42729	-74.91699
2748.19905	-73.91954
2748.9706	-72.94121
2749.74193	-73.10346
2750.51306	-75.70599
2751.28397	-77.79627
2752.05467	-77.45854
2752.82515	-75.79778
2753.59543	-76.24198
2754.36549	-77.88693
2755.13534	-78.79784
2755.90497	-78.58516
2756.6744	-78.65842
2757.44361	-78.69755
2758.21261	-78.73136
2758.9814	-78.73578
2759.74998	-79.07126
2760.51834	-78.69616
2761.2865	-78.02965
2762.05444	-77.77507
2762.82217	-78.32041
2763.58968	-78.31404
2764.35699	-77.52967
2765.12408	-76.68063
2765.89096	-76.48039
2766.65763	-77.11694
2767.42409	-78.40367
2768.19034	-79.51775
2768.95637	-79.10795
2769.7222	-77.91583
2770.48781	-77.55389
2771.25321	-78.82782
2772.0184	-79.90926
2772.78338	-79.75122
2773.54814	-78.77882
2774.3127	-78.08394
2775.07704	-77.76669
2775.84117	-77.43278
2776.6051	-77.46836
2777.36881	-78.09862
2778.13231	-79.08492
2778.89559	-78.82764
2779.65867	-77.43266
2780.42154	-76.60984
2781.18419	-77.60934
2781.94664	-79.30601
2782.70887	-80.0765
2783.47089	-79.4979
2784.2327	-78.41383
2784.9943	-78.60432
2785.75569	-80.60897
2786.51687	-82.29121
2787.27784	-82.04101
2788.0386	-80.53814
2788.79915	-79.74842
2789.55949	-79.51115
2790.31961	-79.36324
2791.07953	-78.7255
2791.83923	-78.45386
2792.59873	-79.14979
2793.35801	-80.00105
2794.11709	-79.18162
2794.87595	-77.20054
2795.63461	-76.87001
2796.39305	-79.04675
2797.15128	-81.69115
2797.90931	-82.65284
2798.66712	-81.57728
2799.42472	-79.87636
2800.18212	-79.10993
2800.9393	-80.00524
2801.69627	-81.30448
2802.45304	-82.2285
2803.20959	-82.34382
2803.96594	-81.32177
2804.72207	-79.3099
2805.47799	-78.06557
2806.23371	-78.72601
2806.98921	-80.17599
2807.74451	-80.79999
2808.49959	-80.4449
2809.25447	-79.5078
2810.00914	-78.99643
2810.76359	-79.70453
2811.51784	-81.63991
2812.27188	-82.90702
2813.02571	-82.55117
2813.77933	-80.92361
2814.53274	-79.64933
2815.28594	-79.9226
2816.03893	-81.40885
2816.79171	-82.60875
2817.54429	-82.39929
2818.29665	-81.67288
2819.04881	-80.74286
2819.80075	-79.9839
2820.55249	-79.25183
2821.30402	-79.16499
2822.05534	-79.67799
2822.80645	-80.62498
2823.55735	-81.38785
2824.30804	-81.68219
2825.05852	-81.82683
2825.8088	-82.2616
2826.55886	-82.82098
2827.30872	-83.63272
2828.05837	-84.19165
2828.80781	-84.12487
2829.55704	-82.73996
2830.30607	-81.36996
2831.05488	-81.10529
2831.80349	-82.61953
2832.55189	-84.52975
2833.30008	-85.33981
2834.04806	-84.26842
2834.79583	-82.79965
2835.54339	-82.232
2836.29075	-82.6625
2837.0379	-82.82192
2837.78484	-82.74846
2838.53157	-82.76913
2839.2781	-83.50987
2840.02441	-84.12924
2840.77052	-84.08584
2841.51642	-83.2097
2842.26211	-82.77545
2843.0076	-83.10451
2843.75287	-83.807
2844.49794	-83.95687
2845.2428	-83.87179
2845.98745	-83.74943
2846.7319	-83.71651
2847.47614	-83.497
2848.22017	-83.71307
2848.96399	-84.1788
2849.7076	-85.04733
2850.45101	-86.4178
2851.19421	-88.54477
2851.9372	-89.64073
2852.67999	-88.92847
2853.42256	-86.82223
2854.16493	-84.54676
2854.9071	-82.63164
2855.64905	-82.44337
2856.3908	-84.59706
2857.13234	-87.37687
2857.87368	-88.47358
2858.6148	-88.05521
2859.35572	-88.07397
2860.09643	-88.46172
2860.83694	-88.12753
2861.57724	-87.34789
2862.31733	-87.27036
2863.05721	-87.28897
2863.79689	-86.48445
2864.53636	-85.36098
2865.27563	-84.81362
2866.01469	-85.27022
2866.75354	-85.90643
2867.49218	-86.08741
2868.23062	-85.66059
2868.96885	-86.1861
2869.70687	-87.04466
2870.44469	-87.53121
2871.1823	-86.99617
2871.91971	-86.85166
2872.6569	-86.37142
2873.3939	-85.85484
2874.13068	-85.39187
2874.86726	-86.14715
2875.60363	-86.94945
2876.3398	-87.06826
2877.07576	-85.9483
2877.81151	-85.40312
2878.54706	-86.06821
2879.2824	-88.00077
2880.01754	-89.20821
2880.75247	-89.19861
2881.48719	-87.63148
2882.22171	-86.66041
2882.95602	-86.7616
2883.69013	-87.62528
2884.42403	-87.26011
2885.15772	-86.2882
2885.89121	-86.27018
2886.6245	-87.86661
2887.35757	-89.05582
2888.09044	-88.32953
2888.82311	-87.20248
2889.55557	-86.91652
2890.28782	-87.37196
2891.01987	-87.50598
2891.75172	-87.76069
2892.48336	-87.47499
2893.21479	-87.26365
2893.94602	-87.86134
2894.67704	-89.60922
2895.40785	-90.28458
2896.13846	-88.95242
2896.86887	-87.04292
2897.59907	-86.7859
2898.32907	-88.30886
2899.05886	-89.75629
2899.78844	-89.87187
2900.51782	-88.98017
2901.247	-88.36289
2901.97597	-88.50072
2902.70473	-88.95517
2903.43329	-89.54899
2904.16165	-89.90781
2904.8898	-90.04533
2905.61775	-90.04124
2906.34549	-90.10709
2907.07302	-89.30742
2907.80036	-87.62502
2908.52748	-86.8891
2909.2544	-88.20021
2909.98112	-90.42479
2910.70763	-91.3105
2911.43394	-90.55712
2912.16005	-89.25421
2912.88595	-89.09196
2913.61164	-90.03112
2914.33713	-90.89777
2915.06242	-90.35367
2915.7875	-88.89921
2916.51238	-88.11831
2917.23705	-88.93086
2917.96152	-90.287
2918.68579	-90.8127
2919.40985	-90.38085
2920.1337	-89.7843
2920.85736	-90.00035
2921.5808	-90.83105
2922.30405	-91.44212
2923.02709	-90.76092
2923.74993	-89.70769
2924.47256	-89.25837
2925.19499	-90.3762
2925.91721	-91.50821
2926.63923	-91.855
2927.36105	-91.47298
2928.08267	-91.85221
2928.80408	-92.17719
2929.52528	-91.2712
2930.24628	-89.59591
2930.96708	-88.54788
2931.68768	-88.7513
2932.40807	-89.18558
2933.12826	-89.87405
2933.84825	-90.66556
2934.56803	-92.00696
2935.28761	-92.88454
2936.00698	-92.63478
2936.72615	-91.0738
2937.44512	-89.89578
2938.16389	-89.78024
2938.88245	-90.23293
2939.60081	-90.38693
2940.31896	-90.41459
2941.03691	-90.2289
2941.75466	-89.67559
2942.47221	-89.12456
2943.18955	-88.85695
2943.90669	-89.56724
2944.62363	-91.30501
2945.34037	-92.89012
2946.0569	-92.38922
2946.77323	-90.33547
2947.48935	-88.99122
2948.20528	-89.38637
2948.921	-91.03006
2949.63652	-92.09711
2950.35183	-91.52867
2951.06694	-91.83734
2951.78185	-93.50985
2952.49656	-91.04108
2953.21107	-79.29326
2953.92537	-69.70633
2954.63947	-72.86856
2955.35337	-85.37106
2956.06706	-92.876
2956.78056	-93.81056
2957.49385	-92.67038
2958.20694	-92.90377
2958.91982	-93.56532
2959.63251	-93.85966
2960.34499	-93.59231
2961.05727	-92.5696
2961.76934	-91.90492
2962.48122	-91.43936
2963.19289	-92.21766
2963.90437	-93.26535
2964.61563	-93.90652
2965.3267	-92.98103
2966.03757	-92.2751
2966.74823	-92.46588
2967.45869	-93.71781
2968.16895	-94.26091
2968.87901	-94.16298
2969.58887	-93.07513
2970.29852	-91.76404
2971.00798	-90.24188
2971.71723	-90.32254
2972.42628	-91.37887
2973.13513	-92.06929
2973.84378	-91.20283
2974.55222	-91.0588
2975.26047	-92.13271
2975.96851	-93.3338
2976.67635	-93.23949
2977.38399	-92.9881
2978.09143	-92.98291
2978.79867	-93.05263
2979.5057	-92.83887
2980.21254	-92.94024
2980.91917	-93.62494
2981.6256	-94.65181
2982.33183	-95.36072
2983.03787	-95.15718
2983.74369	-94.21126
2984.44932	-93.35555
2985.15475	-92.88558
2985.85998	-92.1211
2986.565	-90.95483
2987.26983	-90.88021
2987.97445	-92.39914
2988.67887	-93.97595
2989.3831	-93.73703
2990.08712	-92.45601
2990.79094	-91.46306
2991.49456	-91.44249
2992.19798	-91.34667
2992.9012	-91.13883
2993.60422	-91.07142
2994.30703	-92.14584
2995.00965	-93.47352
2995.71207	-93.99023
2996.41428	-93.05485
2997.1163	-92.11251
2997.81812	-92.12809
2998.51973	-92.77714
2999.22115	-92.84238
2999.92236	-92.31888
3000.62338	-91.61396
3001.32419	-90.87383
3002.0248	-90.23336
3002.72522	-91.11716
3003.42543	-93.41049
3004.12545	-95.27295
3004.82526	-94.89503
3005.52487	-93.70778
3006.22429	-93.0582
3006.9235	-93.08632
3007.62251	-92.94611
3008.32133	-92.93227
3009.01994	-93.05922
3009.71836	-93.46517
3010.41657	-94.0005
3011.11459	-94.21649
3011.8124	-93.48979
3012.51002	-92.89469
3013.20743	-93.38031
3013.90465	-93.92148
3014.60167	-93.39879
3015.29848	-92.72506
3015.9951	-92.83628
3016.69152	-92.45339
3017.38774	-91.1521
3018.08376	-89.92803
3018.77958	-90.52127
3019.4752	-92.57385
3020.17062	-94.6349
3020.86584	-94.90145
3021.56087	-93.78237
3022.25569	-93.11381
3022.95031	-93.61088
3023.64474	-94.65888
3024.33897	-95.23554
3025.03299	-95.49491
3025.72682	-95.12062
3026.42045	-94.23065
3027.11388	-93.20591
3027.80711	-93.12968
3028.50014	-94.03254
3029.19298	-94.76478
3029.88561	-94.77986
3030.57805	-94.7866
3031.27029	-95.37521
3031.96232	-95.48559
3032.65416	-94.28784
3033.3458	-92.92552
3034.03725	-92.64717
3034.72849	-93.08937
3035.41954	-92.9781
3036.11038	-92.85467
3036.80103	-93.17026
3037.49148	-93.40126
3038.18173	-93.04976
3038.87178	-92.67307
3039.56164	-92.93738
3040.25129	-93.50571
3040.94075	-94.15994
3041.63001	-94.21185
3042.31907	-94.04367
3043.00794	-94.12787
3043.6966	-94.55331
3044.38507	-94.51009
3045.07334	-94.12968
3045.76141	-94.34049
3046.44928	-95.40312
3047.13695	-96.13955
3047.82443	-95.83705
3048.51171	-95.24034
3049.19879	-95.80275
3049.88567	-96.80437
3050.57236	-96.76362
3051.25884	-94.75096
3051.94513	-92.34432
3052.63122	-91.66269
3053.31712	-93.32782
3054.00281	-95.38104
3054.68831	-96.18054
3055.37361	-95.84528
3056.05871	-95.1901
3056.74362	-94.88356
3057.42833	-95.5457
3058.11284	-96.65278
3058.79715	-96.74972
3059.48127	-95.54609
3060.16519	-94.69411
3060.84891	-95.1614
3061.53243	-96.24419
3062.21576	-96.78884
3062.89888	-97.41326
3063.58182	-98.33171
3064.26455	-99.00025
3064.94709	-98.27169
3065.62943	-97.22045
3066.31157	-96.88099
3066.99352	-97.47799
3067.67527	-97.96412
3068.35682	-98.41238
3069.03817	-99.07593
3069.71933	-99.76213
3070.40029	-99.41463
3071.08105	-97.83536
3071.76162	-95.66663
3072.44199	-94.52833
3073.12217	-94.51541
3073.80214	-95.22127
3074.48192	-96.09226
3075.16151	-97.19079
3075.84089	-96.97987
3076.52008	-95.08366
3077.19908	-93.56205
3077.87787	-94.46331
3078.55647	-96.39951
3079.23488	-96.3734
3079.91308	-94.98571
3080.5911	-94.9208
3081.26891	-96.96489
3081.94653	-98.15959
3082.62395	-97.79995
3083.30118	-97.77465
3083.97821	-98.89493
3084.65504	-99.21078
3085.33167	-98.05261
3086.00812	-97.17233
3086.68436	-96.90364
3087.36041	-96.45198
3088.03626	-96.00075
3088.71192	-97.14623
3089.38738	-98.715
3090.06264	-98.9997
3090.73771	-98.01996
3091.41258	-97.98272
3092.08726	-98.24032
3092.76174	-98.03525
3093.43602	-97.57798
3094.11011	-98.27035
3094.784	-98.93362
3095.4577	-98.19683
3096.1312	-97.55429
3096.80451	-98.42674
3097.47762	-100.46145
3098.15053	-100.3086
3098.82325	-99.37774
3099.49578	-98.81566
3100.1681	-99.05844
3100.84024	-97.3881
3101.51217	-95.82106
3102.18392	-96.35979
3102.85546	-99.19202
3103.52681	-101.25209
3104.19797	-101.17507
3104.86893	-99.03421
3105.53969	-96.88737
3106.21026	-96.51755
3106.88064	-98.03834
3107.55082	-99.2251
3108.2208	-99.08321
3108.89059	-98.5415
3109.56018	-98.36502
3110.22958	-97.72237
3110.89879	-96.72789
3111.5678	-97.01285
3112.23661	-98.84707
3112.90523	-100.57161
3113.57365	-100.9488
3114.24188	-101.01452
3114.90992	-101.19166
3115.57776	-101.24903
3116.2454	-100.37478
3116.91285	-99.29249
3117.58011	-98.24567
3118.24717	-97.92314
3118.91403	-98.28881
3119.5807	-99.17798
3120.24718	-99.39707
3120.91346	-98.81708
3121.57955	-98.25404
3122.24544	-98.73264
3122.91114	-99.51442
3123.57665	-100.06691
3124.24196	-100.24316
3124.90707	-100.54441
3125.572	-100.48476
3126.23672	-100.19153
3126.90125	-99.54383
3127.56559	-98.64571
3128.22974	-97.50483
3128.89369	-97.2476
3129.55744	-98.40541
3130.22101	-100.26001
3130.88437	-100.99045
3131.54755	-100.36763
3132.21053	-99.75763
3132.87331	-100.56242
3133.5359	-101.8703
3134.1983	-102.11907
3134.86051	-100.58348
3135.52252	-98.98633
3136.18433	-98.40792
3136.84595	-99.35616
3137.50738	-100.20019
3138.16862	-100.67342
3138.82966	-99.74146
3139.49051	-98.69874
3140.15116	-98.38262
3140.81162	-100.04585
3141.47189	-101.46946
3142.13196	-101.66908
3142.79184	-100.47157
3143.45152	-99.52178
3144.11102	-99.3369
3144.77032	-100.11804
3145.42942	-100.49219
3146.08833	-99.44908
3146.74705	-98.44319
3147.40558	-98.99227
3148.06391	-100.57374
3148.72205	-101.17259
3149.38	-100.78853
3150.03775	-100.02622
3150.69531	-99.56905
3151.35267	-99.42013
3152.00985	-99.47413
3152.66683	-99.23275
3153.32361	-98.76173
3153.98021	-98.45437
3154.63661	-98.97195
3155.29282	-99.92727
3155.94883	-100.93351
3156.60465	-101.52704
3157.26028	-101.65773
3157.91572	-100.82396
3158.57096	-99.49925
3159.22601	-98.77496
3159.88087	-99.17717
3160.53554	-99.89441
3161.19001	-100.02506
3161.84429	-99.72723
3162.49838	-100.02473
3163.15227	-101.19346
3163.80598	-102.09518
3164.45949	-101.63127
3165.1128	-100.5302
3165.76593	-100.182
3166.41886	-100.60521
3167.0716	-100.88165
3167.72415	-100.43468
3168.3765	-99.8444
3169.02867	-99.33096
3169.68064	-98.61607
3170.33242	-97.86291
3170.984	-98.25122
3171.6354	-100.10449
3172.2866	-101.53208
3172.93761	-101.90386
3173.58843	-101.63271
3174.23905	-101.23793
3174.88948	-99.9917
3175.53973	-99.18615
3176.18978	-99.74691
3176.83963	-101.25751
3177.4893	-102.30068
3178.13877	-102.84058
3178.78805	-102.86185
3179.43714	-102.02004
3180.08604	-100.24556
3180.73475	-98.8892
3181.38326	-99.19384
3182.03159	-100.92726
3182.67972	-102.15375
3183.32766	-101.82461
3183.9754	-100.52502
3184.62296	-100.02824
3185.27033	-101.12594
3185.9175	-102.78867
3186.56448	-102.70245
3187.21127	-101.03715
3187.85787	-99.81959
3188.50428	-100.62642
3189.15049	-101.81825
3189.79652	-102.49553
3190.44235	-101.96041
3191.08799	-101.39246
3191.73344	-100.76711
3192.3787	-100.7337
3193.02377	-100.9754
3193.66865	-101.95128
3194.31333	-102.94861
3194.95783	-102.75265
3195.60213	-101.48171
3196.24624	-100.35271
3196.89016	-100.89159
3197.5339	-102.40816
3198.17743	-104.40654
3198.82078	-105.11768
3199.46394	-104.61166
3200.10691	-103.20374
3200.74968	-102.54643
3201.39227	-101.55479
3202.03466	-100.85324
3202.67687	-101.36739
3203.31888	-103.6186
3203.9607	-104.28608
3204.60233	-102.56109
3205.24377	-101.08411
3205.88502	-102.25372
3206.52608	-104.96468
3207.16695	-106.29566
3207.80763	-105.82589
3208.44812	-103.98644
3209.08841	-102.90701
3209.72852	-102.54798
3210.36844	-103.08671
3211.00816	-103.43914
3211.6477	-103.98935
3212.28704	-104.23895
3212.9262	-104.72667
3213.56516	-104.9164
3214.20394	-104.6073
3214.84252	-104.23973
3215.48092	-105.30398
3216.11912	-106.87068
3216.75713	-107.16479
3217.39496	-106.41043
3218.03259	-106.29957
3218.67004	-106.62016
3219.30729	-106.54834
3219.94435	-106.22553
3220.58123	-106.37408
3221.21791	-106.69868
3221.8544	-107.12842
3222.49071	-106.9147
3223.12682	-106.28896
3223.76275	-105.33571
3224.39848	-105.07343
3225.03403	-105.2491
3225.66938	-106.23844
3226.30455	-107.05918
3226.93952	-107.24418
3227.57431	-106.45322
3228.2089	-105.67614
3228.84331	-105.35277
3229.47753	-106.00682
3230.11156	-106.92856
3230.74539	-107.49859
3231.37904	-107.30652
3232.0125	-106.95472
3232.64577	-106.20231
3233.27885	-105.87231
3233.91174	-106.29454
3234.54445	-107.33889
3235.17696	-107.55058
3235.80928	-107.3923
3236.44142	-106.87227
3237.07336	-105.6414
3237.70512	-102.98867
3238.33668	-100.79715
3238.96806	-101.15189
3239.59925	-104.19584
3240.23025	-107.39105
3240.86106	-108.52176
3241.49168	-107.95325
3242.12211	-107.2544
3242.75236	-107.16535
3243.38241	-106.55564
3244.01228	-105.58566
3244.64195	-105.56741
3245.27144	-106.76798
3245.90074	-107.11691
3246.52985	-106.06695
3247.15877	-105.77705
3247.7875	-106.58225
3248.41605	-106.74211
3249.0444	-105.70885
3249.67257	-106.23976
3250.30055	-108.61394
3250.92834	-109.87171
3251.55594	-108.04677
3252.18335	-105.62301
3252.81057	-105.56125
3253.43761	-106.1973
3254.06446	-105.53862
3254.69112	-104.2415
3255.31759	-104.52302
3255.94387	-105.13267
3256.56996	-105.54333
3257.19587	-105.77844
3257.82158	-106.05901
3258.44711	-105.55214
3259.07245	-104.73555
3259.69761	-104.26571
3260.32257	-105.13663
3260.94735	-108.10867
3261.57194	-110.46949
3262.19634	-109.41619
3262.82055	-105.79821
3263.44457	-104.31186
3264.06841	-105.07877
3264.69206	-106.13577
3265.31552	-106.00696
3265.93879	-106.17203
3266.56187	-106.25702
3267.18477	-106.66667
3267.80748	-106.94914
3268.43	-107.66294
3269.05233	-106.92083
3269.67448	-106.01242
3270.29643	-105.36661
3270.9182	-106.49427
3271.53979	-107.10312
3272.16118	-107.24252
3272.78239	-106.31334
3273.40341	-106.0529
3274.02424	-106.48098
3274.64489	-107.32379
3275.26534	-107.03654
3275.88561	-106.18864
3276.50569	-105.75613
3277.12559	-105.84356
3277.7453	-105.6745
3278.36482	-105.84325
3278.98415	-106.76007
3279.60329	-108.06073
3280.22225	-108.5296
3280.84102	-107.9753
3281.45961	-107.1463
3282.078	-106.89482
3282.69621	-106.76688
3283.31424	-106.02809
3283.93207	-105.47763
3284.54972	-105.78604
3285.16718	-106.29436
3285.78446	-105.88006
3286.40154	-105.34749
3287.01844	-106.04742
3287.63516	-106.65712
3288.25168	-106.04679
3288.86802	-105.69834
3289.48417	-108.28819
3290.10014	-110.7411
3290.71592	-110.37008
3291.33151	-107.68122
3291.94692	-106.00159
3292.56214	-105.94409
3293.17717	-107.32618
3293.79201	-108.63136
3294.40667	-108.38287
3295.02115	-107.01736
3295.63543	-105.63932
3296.24953	-104.88479
3296.86344	-104.45105
3297.47717	-105.00574
3298.09071	-106.11564
3298.70406	-106.92579
3299.31723	-106.81264
3299.93021	-106.72702
3300.54301	-107.54775
3301.15561	-109.01822
3301.76803	-110.16724
3302.38027	-109.98297
3302.99232	-108.84439
3303.60418	-107.71258
3304.21586	-107.81321
3304.82735	-108.61877
3305.43865	-109.6574
3306.04977	-109.35979
3306.66071	-107.44576
3307.27145	-105.06219
3307.88201	-105.0489
3308.49239	-106.91647
3309.10257	-108.04851
3309.71258	-107.22335
3310.32239	-106.52161
3310.93202	-106.85602
3311.54147	-107.1383
3312.15073	-106.81937
3312.7598	-107.13844
3313.36869	-108.36994
3313.97739	-109.18279
3314.58591	-108.71845
3315.19424	-108.01167
3315.80238	-108.12843
3316.41034	-108.48643
3317.01811	-108.11334
3317.6257	-107.07008
3318.2331	-106.24297
3318.84032	-106.16815
3319.44735	-107.22507
3320.0542	-108.96984
3320.66086	-111.0854
3321.26733	-112.83609
3321.87362	-113.5491
3322.47972	-112.55813
3323.08564	-110.73042
3323.69138	-109.18141
3324.29692	-108.91103
3324.90229	-109.48535
3325.50746	-109.96881
3326.11246	-109.39162
3326.71726	-108.79558
3327.32189	-108.56266
3327.92632	-108.58047
3328.53057	-108.06141
3329.13464	-108.07366
3329.73852	-108.56792
3330.34222	-109.1892
3330.94573	-108.90615
3331.54906	-108.3072
3332.1522	-107.55171
3332.75516	-107.165
3333.35793	-106.75205
3333.96051	-106.66864
3334.56292	-106.70542
3335.16513	-107.25938
3335.76717	-107.89834
3336.36902	-108.59658
3336.97068	-108.57445
3337.57216	-108.30302
3338.17345	-108.41661
3338.77456	-109.10832
3339.37548	-108.98147
3339.97622	-108.26839
3340.57678	-107.93846
3341.17715	-108.48203
3341.77734	-108.65558
3342.37734	-108.38137
3342.97716	-108.26358
3343.57679	-109.02616
3344.17624	-109.98172
3344.7755	-109.94819
3345.37458	-109.13659
3345.97348	-108.52936
3346.57219	-108.85794
3347.17072	-109.09512
3347.76906	-109.4429
3348.36722	-109.69022
3348.96519	-109.83794
3349.56298	-109.37606
3350.16059	-109.71471
3350.75801	-110.27485
3351.35525	-109.81528
3351.9523	-107.6318
3352.54917	-106.74344
3353.14586	-108.31053
3353.74236	-111.04703
3354.33868	-111.42903
3354.93481	-109.72692
3355.53076	-108.65654
3356.12653	-109.7189
3356.72211	-111.11063
3357.31751	-110.93509
3357.91272	-110.24931
3358.50775	-109.37992
3359.1026	-109.00597
3359.69726	-109.03704
3360.29174	-110.28407
3360.88604	-111.09092
3361.48015	-110.47321
3362.07408	-108.82261
3362.66782	-108.27291
3363.26138	-109.27083
3363.85476	-110.19134
3364.44796	-110.42789
3365.04097	-110.72919
3365.6338	-111.35087
3366.22644	-110.869
3366.8189	-109.09601
3367.41118	-107.33813
3368.00327	-107.09729
3368.59518	-108.26105
3369.18691	-109.3026
3369.77845	-109.76974
3370.36981	-110.73125
3370.96099	-111.6048
3371.55199	-110.52231
3372.1428	-108.27804
3372.73343	-107.56203
3373.32387	-107.87239
3373.91413	-107.91562
3374.50421	-108.30647
3375.09411	-109.53522
3375.68382	-110.19546
3376.27335	-110.03351
3376.8627	-110.67729
3377.45186	-111.41837
3378.04084	-110.47575
3378.62964	-108.26296
3379.21825	-108.62525
3379.80669	-111.71627
3380.39493	-114.09981
3380.983	-113.59598
3381.57089	-112.32666
3382.15859	-111.64276
3382.74611	-110.99424
3383.33344	-110.18032
3383.92059	-109.90124
3384.50756	-110.10414
3385.09435	-110.22046
3385.68096	-110.03613
3386.26738	-110.1196
3386.85362	-110.67098
3387.43968	-110.98199
3388.02555	-110.17
3388.61125	-108.8691
3389.19676	-108.44753
3389.78208	-109.46467
3390.36723	-111.1883
3390.95219	-112.0459
3391.53697	-111.68733
3392.12157	-111.31622
3392.70599	-111.89891
3393.29022	-111.86488
3393.87428	-110.28009
3394.45815	-108.46969
3395.04183	-108.52484
3395.62534	-109.82563
3396.20866	-110.95445
3396.7918	-111.37564
3397.37476	-112.18772
3397.95754	-113.093
3398.54013	-113.04302
3399.12255	-111.48554
3399.70478	-110.16329
3400.28683	-109.66453
3400.86869	-109.96287
3401.45038	-110.55841
3402.03188	-112.09668
3402.6132	-113.35335
3403.19434	-113.67669
3403.7753	-112.91151
3404.35608	-112.47815
3404.93667	-112.71845
3405.51709	-113.35894
3406.09732	-113.33858
3406.67737	-112.25754
3407.25723	-110.58444
3407.83692	-108.98824
3408.41642	-107.30215
