0.9045183823605765, 0.031028273949571084
0.9146025512507858, 0.03311028498181523
0.9118610600928724, 0.028927957406168492
0.9256140387983458, 0.031006114646590532
0.9366204682441386, 0.030994553271121994
0.9476268976899312, 0.0309829918956539
0.958633327135724, 0.030971430520185805
0.9696397565815167, 0.030959869144717267
0.9806461860273095, 0.030948307769249173
0.9916526154731021, 0.030936746393780634
1.0026590449188948, 0.03092518501831254
1.0136654743646876, 0.030913623642844446
1.0246617876069455, 0.035087280186889114
1.0356682170527383, 0.03507571881142102
1.046674646498531, 0.03506415743595248
1.0576810759443238, 0.03505259606048439
1.0686875053901166, 0.03504103468501629
1.0796939348359094, 0.035029473309547754
1.0916158807015957, 0.035714484806043334
1.1017017356257273, 0.03709895951836817
1.098960244467814, 0.032916631942721875
1.1127132231732872, 0.03499478918314303
1.12371965261908, 0.03498322780767493
1.1347260820648728, 0.034971666432206394
1.145722395307131, 0.03914532297625195
1.1576342249692826, 0.04401555239226074
1.153982275493243, 0.037044042984894165
1.1686204220080056, 0.052374426855819944
1.164968472531966, 0.04540291744845293
1.178670870219766, 0.06840716428644256
1.1786885735759518, 0.06108303292729378
1.1759546695706893, 0.053761791912012136
1.1841336201285233, 0.08514225527676289
1.184153852535593, 0.07677181943773581
1.1905135724910967, 0.10187638281912759
1.186864995082902, 0.09350980077192306
1.19594597378925, 0.13116712756798887
1.1950540618442709, 0.12070504621716038
1.1923176287881248, 0.11443010968175704
1.2014188399015422, 0.14371700063879533
1.2068917060138342, 0.15626687370960224
1.2122229452766402, 0.2274097976535998
1.211331033331661, 0.21694771630277132
1.2113512657387304, 0.20857728046374402
1.208609774580817, 0.2043949528880975
1.212344339719057, 0.17718718261943622
1.211449898723194, 0.16777140574848626
1.216596517271491, 0.3152945567236074
1.2166167496785605, 0.3069241208845801
1.21663698208563, 0.2985536850455528
1.2166572144926995, 0.2901832492065255
1.216677446899769, 0.2818128133674984
1.2166976793068383, 0.2734423775284711
1.216717911713908, 0.2650719416894438
1.2167381441209772, 0.25670150585041673
1.2167583765280467, 0.24833107001138943
1.2167786089351162, 0.23996063417236213
1.2168797709704635, 0.19810845497722607
1.2169000033775332, 0.18973801913819877
1.2217153162600676, 0.4743270569773905
1.2217355486671369, 0.46595662113836345
1.2217557810742063, 0.45758618529933615
1.2217760134812758, 0.44921574946030884
1.2217962458883453, 0.44084531362128154
1.2218164782954148, 0.43247487778225446
1.2218367107024841, 0.42410444194322716
1.2218569431095538, 0.41573400610419986
1.2218771755166231, 0.40736357026517256
1.2218974079236928, 0.3989931344261455
1.2219176403307621, 0.3906226985871182
1.2219378727378316, 0.3822522627480909
1.221958105144901, 0.3738818269090638
1.2219783375519706, 0.3655113910700365
1.22199856995904, 0.3571409552310092
1.2220188023661094, 0.3487705193919819
1.222039034773179, 0.3404000835529548
1.2220592671802484, 0.3320296477139275
1.2220769705364343, 0.32470551635477873
1.2196667850442835, 0.18345730191506116
1.226368769886046, 0.8258795815288005
1.2263890022931156, 0.8175091456897734
1.226409234700185, 0.8091387098507461
1.2264294671072544, 0.8007682740117188
1.226449699514324, 0.7923978381726917
1.2264699319213934, 0.7840274023336644
1.226490164328463, 0.7756569664946371
1.2265103967355322, 0.7672865306556098
1.226530629142602, 0.7589160948165827
1.2265508615496712, 0.7505456589775554
1.2265710939567407, 0.7421752231385281
1.2265913263638102, 0.733804787299501
1.2266115587708797, 0.7254343514604737
1.2266317911779492, 0.7170639156214464
1.2266520235850185, 0.7086934797824191
1.2266722559920882, 0.7003230439433921
1.2266924883991575, 0.6919526081043648
1.2267127208062272, 0.6835821722653375
1.2267329532132965, 0.6752117364263102
1.226753185620366, 0.6668413005872831
1.2267734180274354, 0.6584708647482558
1.226793650434505, 0.6501004289092285
1.2268138828415744, 0.6417299930702014
1.2268341152486437, 0.6333595572311741
1.2268543476557134, 0.6249891213921468
1.2268745800627827, 0.6166186855531195
1.2268948124698524, 0.6082482497140924
1.2269150448769217, 0.5998778138750651
1.2269352772839912, 0.5915073780360378
1.2269555096910607, 0.5831369421970107
1.2269757420981302, 0.5747665063579834
1.2269959745051997, 0.5663960705189561
1.227016206912269, 0.5580256346799288
1.2270364393193387, 0.5496551988409017
1.227056671726408, 0.5412847630018744
1.2270769041334775, 0.5329143271628471
1.227097136540547, 0.5245438913238201
1.2271173689476165, 0.5161734554847928
1.227137601354686, 0.5078030196457655
1.2271578337617555, 0.49943258380673816
1.227178066168825, 0.4910621479677111
1.2271957695250106, 0.4837380166085621
1.2308805966625382, 1.236025156953401
1.2309008290696077, 1.2276547211143738
1.2309210614766772, 1.2192842852753465
1.2309412938837467, 1.2109138494363194
1.230961526290816, 1.2025434135972923
1.2309817586978857, 1.194172977758265
1.231001991104955, 1.1858025419192377
1.2310222235120247, 1.1774321060802104
1.231042455919094, 1.1690616702411831
1.2310626883261635, 1.1606912344021558
1.231082920733233, 1.1523207985631287
1.2311031531403025, 1.1439503627241014
1.231123385547372, 1.1355799268850744
1.2311436179544413, 1.127209491046047
1.231163850361511, 1.1188390552070198
1.2311840827685803, 1.1104686193679925
1.23120431517565, 1.1020981835289652
1.2312245475827193, 1.093727747689938
1.2312447799897888, 1.0853573118509108
1.2312650123968583, 1.0769868760118837
1.2312852448039278, 1.0686164401728564
1.2313054772109973, 1.060246004333829
1.2313257096180665, 1.0518755684948018
1.2313459420251363, 1.0435051326557745
1.2313661744322055, 1.0351346968167472
1.231386406839275, 1.0267642609777201
1.2314066392463445, 1.0183938251386928
1.231426871653414, 1.0100233892996655
1.2314471040604835, 1.0016529534606384
1.2314673364675528, 0.9932825176216111
1.2314875688746225, 0.9849120817825838
1.2315078012816918, 0.9765416459435565
1.2315280336887615, 0.9681712101045294
1.2315482660958308, 0.9598007742655021
1.2315684985029003, 0.9514303384264748
1.2315887309099698, 0.9430599025874475
1.2316089633170393, 0.9346894667484205
1.2316291957241088, 0.9263190309093932
1.231649428131178, 0.9179485950703659
1.2316696605382478, 0.9095781592313388
1.231689892945317, 0.9012077233923115
1.2317101253523868, 0.8928372875532842
1.231730357759456, 0.8844668517142569
1.2317505901665255, 0.8760964158752298
1.231770822573595, 0.8677259800362025
1.2317910549806645, 0.8593555441971752
1.231811287387734, 0.8509851083581481
1.2318315197948033, 0.8426146725191208
1.2291001448404248, 0.8342471270239606
1.2363096258928463, 1.6461697689300459
1.2354177139478673, 1.6357076875792176
1.2354379463549368, 1.6273372517401903
1.2354581787620063, 1.6189668159011632
1.2354784111690758, 1.610596380062136
1.235498643576145, 1.6022259442231086
1.2355188759832147, 1.5938555083840815
1.235539108390284, 1.5854850725450542
1.2355593407973535, 1.577114636706027
1.235579573204423, 1.5687442008669996
1.2355998056114925, 1.5603737650279725
1.235620038018562, 1.5520033291889452
1.2356402704256313, 1.5436328933499182
1.235660502832701, 1.5352624575108909
1.2356807352397703, 1.5268920216718636
1.23570096764684, 1.5185215858328363
1.2357212000539093, 1.510151149993809
1.2357414324609788, 1.5017807141547816
1.2357616648680483, 1.4934102783157546
1.2357818972751178, 1.4850398424767275
1.2358021296821873, 1.4766694066377002
1.2358223620892566, 1.4682989707986729
1.2358425944963263, 1.4599285349596456
1.2358628269033956, 1.4515580991206183
1.2358830593104653, 1.443187663281591
1.2359032917175345, 1.434817227442564
1.235923524124604, 1.4264467916035366
1.2359437565316735, 1.4180763557645095
1.235963988938743, 1.4097059199254822
1.2359842213458125, 1.401335484086455
1.2360044537528818, 1.3929650482474276
1.2360246861599515, 1.3845946124084003
1.2360449185670208, 1.3762241765693732
1.2360651509740905, 1.367853740730346
1.2360853833811598, 1.3594833048913189
1.2361056157882293, 1.3511128690522916
1.2361258481952988, 1.3427424332132643
1.2361460806023683, 1.334371997374237
1.2361663130094378, 1.3260015615352096
1.236186545416507, 1.3176311256961826
1.2362067778235768, 1.3092606898571553
1.236227010230646, 1.3008902540181282
1.2362472426377156, 1.2925198181791009
1.236267475044785, 1.2841493823400736
1.2362877074518546, 1.2757789465010463
1.236307939858924, 1.267408510662019
1.2363281722659933, 1.259038074822992
1.2363458756221792, 1.2517139434638431
1.233611971616917, 1.2443927024485613
1.2404606414099333, 1.826129322229353
1.2404808738170026, 1.817758886390326
1.240501106224072, 1.8093884505512987
1.2405213386311416, 1.8010180147122714
1.240541571038211, 1.792647578873244
1.2405618034452806, 1.784277143034217
1.24058203585235, 1.7759067071951897
1.2406022682594195, 1.7675362713561624
1.2406225006664888, 1.7591658355171353
1.2406427330735585, 1.750795399678108
1.2406629654806278, 1.7424249638390807
1.2406831978876973, 1.7340545280000534
1.2407034302947668, 1.7256840921610264
1.2407236627018363, 1.717313656321999
1.2407438951089058, 1.7089432204829718
1.240764127515975, 1.7005727846439447
1.2407843599230448, 1.6922023488049174
1.240804592330114, 1.68383191296589
1.2408248247371838, 1.6754614771268628
1.240845057144253, 1.6670910412878357
1.2408652895513226, 1.6587206054488084
1.24594362372576, 1.8344939773806463
1.2463887366812885, 1.650344388922047
1.246408969088358, 1.6419739530830197
1.2464292014954275, 1.6336035172439924
1.2464494339024967, 1.6252330814049654
1.2464696663095665, 1.616862645565938
1.2464898987166357, 1.6084922097269108
1.2465101311237055, 1.6001217738878837
1.2465303635307747, 1.5917513380488564
1.2465505959378442, 1.583380902209829
1.2465708283449137, 1.5750104663708018
1.2465910607519832, 1.5666400305317747
1.2466112931590527, 1.5582695946927474
1.246631525566122, 1.54989915885372
1.2466517579731917, 1.541528723014693
1.246671990380261, 1.5331582871756657
1.2466922227873305, 1.5247878513366384
1.2467124551944, 1.516417415497611
1.2467326876014695, 1.5080469796585838
1.246752920008539, 1.4996765438195567
1.2467731524156085, 1.4913061079805294
1.246793384822678, 1.4829356721415023
1.2468136172297473, 1.474565236302475
1.246833849636817, 1.4661948004634477
1.2468540820438863, 1.4578243646244204
1.2487154634942779, 1.826120651197752
1.2487356959013471, 1.8177502153587248
1.2487559283084166, 1.8093797795196975
1.2487761607154861, 1.8010093436806702
1.2487963931225556, 1.792638907841643
1.2488166255296251, 1.7842684720026158
1.2488368579366946, 1.7758980361635885
1.2488570903437641, 1.7675276003245612
1.2488773227508334, 1.7591571644855342
1.2488975551579031, 1.7507867286465069
1.2489177875649724, 1.7424162928074796
1.248938019972042, 1.7340458569684523
1.2489582523791114, 1.7256754211294252
1.248978484786181, 1.7173049852903979
1.2489987171932504, 1.7089345494513706
1.2490189496003197, 1.7005641136123435
1.2490391820073894, 1.6921936777733162
1.2490594144144587, 1.683823241934289
1.2490796468215284, 1.6754528060952616
1.2490998792285977, 1.6670823702562345
1.2491201116356672, 1.6587119344172072
1.2523775291738521, 1.4494481480976593
1.2523977615809216, 1.441077712258632
1.2524179939879911, 1.4327072764196047
1.2524382263950606, 1.4243368405805774
1.25245845880213, 1.41596640474155
1.2524786912091996, 1.407595968902523
1.252498923616269, 1.3992255330634957
1.2525191560233386, 1.3908550972244687
1.252539388430408, 1.3824846613854413
1.2525596208374774, 1.374114225546414
1.252579853244547, 1.3657437897073867
1.2526000856516164, 1.3573733538683594
1.252620318058686, 1.3490029180293324
1.2526405504657552, 1.340632482190305
1.252660782872825, 1.332262046351278
1.2526810152798942, 1.3238916105122507
1.252701247686964, 1.3155211746732234
1.2527214800940332, 1.307150738834196
1.2527417125011027, 1.2987803029951688
1.2527619449081722, 1.2904098671561417
1.2527821773152417, 1.2820394313171144
1.2528024097223112, 1.2736689954780873
1.2528226421293804, 1.26529855963906
1.2528428745364502, 1.2569281238000327
1.2528631069435194, 1.2485576879610054
1.252883339350589, 1.2401872521219781
1.2529035717576584, 1.231816816282951
1.2529212751138443, 1.2244926849238023
1.2547649532080498, 1.6001131028562825
1.2547851856151193, 1.5917426670172552
1.2548054180221886, 1.583372231178228
1.2548256504292583, 1.5750017953392006
1.2548458828363276, 1.5666313595001733
1.254866115243397, 1.5582609236611462
1.2548863476504666, 1.549890487822119
1.254906580057536, 1.5415200519830918
1.2549268124646056, 1.5331496161440645
1.2549470448716749, 1.5247791803050372
1.2549672772787446, 1.51640874446601
1.2549875096858139, 1.5080383086269826
1.2550077420928836, 1.4996678727879555
1.2550279744999528, 1.4912974369489282
1.2550482069070223, 1.4829270011099012
1.2550684393140918, 1.4745565652708739
1.2550886717211613, 1.4661861294318466
1.2551089041282308, 1.4578156935928193
1.2593644537485098, 1.2150692004692067
1.2584725418035305, 1.2046071191183783
1.2584927742106, 1.1962366832793512
1.2585130066176693, 1.1878662474403239
1.258533239024739, 1.1794958116012966
1.2585534714318083, 1.1711253757622693
1.258573703838878, 1.162754939923242
1.2585939362459473, 1.154384504084215
1.2586141686530168, 1.1460140682451876
1.2586344010600863, 1.1376436324061605
1.2586546334671558, 1.1292731965671332
1.2586748658742253, 1.120902760728106
1.2586950982812946, 1.1125323248890786
1.2587153306883643, 1.1041618890500513
1.2587355630954336, 1.0957914532110242
1.2587557955025033, 1.087421017371997
1.2587760279095725, 1.0790505815329698
1.258796260316642, 1.0706801456939425
1.2588164927237115, 1.0623097098549152
1.258836725130781, 1.053939274015888
1.2588569575378505, 1.0455688381768606
1.2588771899449198, 1.0371984023378333
1.2588974223519895, 1.0288279664988063
1.2589176547590588, 1.020457530659779
1.2589378871661283, 1.0120870948207517
1.2589581195731978, 1.0037166589817244
1.2589783519802673, 0.9953462231426973
1.2589985843873368, 0.98697578730367
1.2590188167944063, 0.9786053514646427
1.2590390492014758, 0.9702349156256156
1.259059281608545, 0.9618644797865883
1.2590795140156148, 0.953494043947561
1.259099746422684, 0.9451236081085337
1.2591199788297536, 0.9367531722695066
1.259140211236823, 0.9283827364304793
1.2591604436438926, 0.920012300591452
1.259180676050962, 0.9116418647524249
1.2592009084580313, 0.9032714289133976
1.259221140865101, 0.8949009930743703
1.2592413732721703, 0.886530557235343
1.256499882114257, 0.8823482296596967
1.264774936605671, 0.8739691227890682
1.2647951690127406, 0.8655986869500409
1.2648154014198099, 0.8572282511110136
1.2648356338268796, 0.8488578152719866
1.2648558662339489, 0.8404873794329593
1.2648760986410184, 0.832116943593932
1.2648963310480879, 0.8237465077549047
1.2649165634551574, 0.8153760719158776
1.2649367958622268, 0.8070056360768503
1.2649570282692961, 0.798635200237823
1.2649772606763658, 0.7902647643987959
1.2649974930834351, 0.7818943285597686
1.2650177254905048, 0.7735238927207413
1.2650379578975741, 0.765153456881714
1.2650581903046436, 0.7567830210426869
1.2650784227117131, 0.7484125852036596
1.2650986551187826, 0.7400421493646323
1.265118887525852, 0.7316717135256052
1.2651391199329214, 0.7233012776865779
1.265159352339991, 0.7149308418475506
1.2651795847470604, 0.7065604060085233
1.26519981715413, 0.6981899701694962
1.2652200495611994, 0.6898195343304689
1.2652402819682689, 0.6814490984914416
1.2652605143753384, 0.6730786626524146
1.2652807467824079, 0.6647082268133873
1.2653009791894774, 0.65633779097436
1.2653212115965466, 0.6479673551353327
1.2653414440036164, 0.6395969192963056
1.2653616764106856, 0.6312264834572783
1.2708927106933028, 0.6197113534908818
1.2681588066880403, 0.6123901124755999
1.2681790390951098, 0.6040196766365726
1.268199271502179, 0.5956492407975453
1.2682195039092488, 0.587278804958518
1.268239736316318, 0.578908369119491
1.2682599687233878, 0.5705379332804636
1.268280201130457, 0.5621674974414363
1.2710520408989747, 0.5537941712585424
1.2710722733060442, 0.545423735419515
1.2710925057131137, 0.5370532995804878
1.2711127381201832, 0.5286828637414605
1.2711329705272525, 0.5203124279024334
1.2711532029343222, 0.5119419920634061
1.2711734353413915, 0.5035715562243788
1.271193667748461, 0.4952011203853517
1.2712139001555305, 0.4868306845463244
1.2712341325626, 0.4784602487072971
1.2712543649696695, 0.4700898128682698
1.2712720683258554, 0.462765681509121
1.2740464371452567, 0.45334605084634827
1.274066669552326, 0.44497561500732097
1.2740869019593957, 0.43660517916829367
1.274107134366465, 0.4282347433292666
1.2741273667735344, 0.4198643074902393
1.274147599180604, 0.411493871651212
1.276924497050889, 0.40102793650856094
1.2769447294579583, 0.39265750066953364
1.276964961865028, 0.38428706483050634
1.2769851942720973, 0.37591662899147926
1.2770054266791668, 0.36754619315245196
1.2770256590862363, 0.35917575731342466
1.2770458914933058, 0.35080532147439736
1.2743044003353923, 0.34662299389875106
1.2798227893635907, 0.34033938633174654
1.2798430217706604, 0.33196895049271924
1.2798632541777297, 0.32359851465369194
1.2798834865847992, 0.31522807881466486
1.2826603844550841, 0.3047621436720136
1.2826806168621536, 0.2963917078329863
1.2827008492692231, 0.288021271993959
1.2827210816762926, 0.2796508361549319
1.2827413140833621, 0.2712804003159046
1.2827615464904314, 0.2629099644768773
1.2827817788975011, 0.25453952863785023
1.2828020113045704, 0.24616909279882293
1.2883305165363037, 0.23570026731230453
1.2883507489433732, 0.22732983147327745
1.2883709813504427, 0.21895939563425015
1.288391213757512, 0.21058895979522285
1.2884089171136979, 0.20326482843607407
1.2910618914906824, 0.24406781280746492
1.2939273061418963, 0.19698122086906955
1.3003654266747946, 0.18965034537423087
1.2994735147298155, 0.1791882640234026
1.296732023571902, 0.17500593644775586
1.305007078063316, 0.1666268295771276
1.3050273104703853, 0.1582563937381003
1.305047542877455, 0.149885957899073
1.3114932505630041, 0.13941616896459919
1.3161020242900376, 0.12999461140591495
1.3216229423691197, 0.12266469935903213
1.3326293718149125, 0.12265313798356381
1.3390666493308494, 0.11567103064868478
1.3491643064924386, 0.11217275112157732
1.3464228153345252, 0.10799042354593102
1.3556100141779877, 0.10170296218710351
1.3629577500120509, 0.09751003668394453
1.365727060729685, 0.09018301498092862
1.376746135429896, 0.08493993120606813
1.3886579650920474, 0.08981016062207692
1.3850060156160078, 0.08283865121471012
1.3987286457108774, 0.09747246221367267
1.3959922126547313, 0.09119752567826911
1.4097249589531353, 0.10164611875771801
1.421626672411752, 0.11070156609324022
1.4179747229357123, 0.10373005668587365
1.4261840221041506, 0.12255486629208368
1.4325639744667242, 0.13928899383444815
1.4289153970585295, 0.13092241178724384
1.428950803770901, 0.11627414906894606
1.438036840579016, 0.15183886690525505
1.4435097066913083, 0.16438873997606174
1.4535888174797504, 0.1685633599680627
1.4646003050273104, 0.1664591896328378
1.4646205374343797, 0.1580887537938105
1.4756370830837073, 0.15389197449882852
1.472895591925794, 0.149709646923182
1.4811655883154407, 0.14342314901231035
1.4876028658313776, 0.1364410416774311
1.494943857529751, 0.13503826145394782
1.4977156972982688, 0.12666493527105338
1.5032315572755834, 0.12142763218392738
1.5087524753546657, 0.11409772013704433
1.5151931249384476, 0.10572054016232735
1.5252975262357262, 0.09943211535554441
1.522556035077813, 0.09524978777989768
1.5308260314674595, 0.08896328986902602
1.5372633089833965, 0.08198118253414677
1.54737108234852, 0.0742976850875261
1.5583876279978477, 0.07010090579254413
1.5584028023031498, 0.06382307891327366
1.5694092317489425, 0.06381151753780534
1.5804207192965025, 0.06170734720258042
1.5914322068440625, 0.05960317686735528
1.602443694391623, 0.05749900653213036
1.613455181939183, 0.05539483619690522
1.6244616113849757, 0.05538327482143668
1.6299774713622903, 0.0501459717343109
1.6409813717571993, 0.051180714838720665
1.651987801202992, 0.05116915346325257
1.6629942306487848, 0.05115759208778403
1.674010776298112, 0.04696081279280229
1.6850172057439048, 0.04694925141733419
1.6960236351896976, 0.046937690041865654
1.7070300646354903, 0.04692612866639756
1.7180364940812831, 0.04691456729092902
1.729047981628843, 0.044810396955704324
1.7400594691764035, 0.04270622662047918
1.7510658986221963, 0.04269466524501064
1.7620723280679886, 0.04268310386954255
1.7730787575137814, 0.04267154249407401
1.7840851869595742, 0.042659981118605916
1.795091616405367, 0.04264841974313782
1.8060980458511597, 0.042636858367669284
1.8171019462460687, 0.043671601472079935
1.8281033175900943, 0.045752649056368
1.8391072179850032, 0.04678739216077821
1.850113647430796, 0.04677583078531011
1.8611124897239373, 0.049903182849476924
1.8730319065387402, 0.051634498825850805
1.8831076452593374, 0.05720419145768929
1.8941039585015953, 0.061377848001734625
1.9050952136420856, 0.06764411350553678
1.9023587805859394, 0.06136917697013344
1.916091526884344, 0.07181777004958234
1.9270979563301367, 0.07180620867411402
1.9381145019794639, 0.06760942937913206
1.9491259895270243, 0.06550525904390692
1.9463844983691105, 0.0613229314682604
1.9601374770745843, 0.06340108870868177
1.971143906520377, 0.06338952733321368
1.982140219762635, 0.06756318387725901
1.9931415911066601, 0.06964423146154752
2.004137904348918, 0.07381788800559286
2.0151342175911764, 0.07799154454963819
2.0270409891515606, 0.08495438292540358
2.03711166977039, 0.09261668451699934
2.034375236714244, 0.086341747981596
2.048107983012648, 0.09679034106104467
2.0545064817483687, 0.10585156908430093
2.0645670461636634, 0.11769908859541034
2.0645847495198493, 0.11037495723626156
2.0700500284794905, 0.1260637437467036
2.075533010795317, 0.13442839889799663
2.081931509531038, 0.1434896269212531
2.0782997924620674, 0.12814768167485902
2.087385829270183, 0.163712399511168
2.0864939173252037, 0.15325031816033952
2.0928586953824753, 0.1762622725819747
2.098331561494767, 0.18881214565278137
2.102846760339104, 0.2181038538495983
2.102866992746174, 0.209733418010571
2.102887225153243, 0.2013629821715437
2.100191256911236, 0.17834717395808597
2.109226712701678, 0.234837981391963
2.105578135293483, 0.22647139934475846
2.1056540068199934, 0.1950822649484063
2.1137419115460148, 0.2641296895887797
2.1137621439530845, 0.2557592537497526
2.1137823763601538, 0.2473888179107253
2.120121863908589, 0.2808638171311446
2.1192274229127257, 0.27144804026019465
2.116549158026904, 0.24110810068758792
2.1255340327996723, 0.31852499771903275
2.124642120854693, 0.3080629163682047
2.1246623532617623, 0.2996924805291774
2.124682585668832, 0.2913220446901501
2.1309866665048953, 0.33944530662886696
2.1300947545599156, 0.32898322527803847
2.1354816329421626, 0.37710745066471096
2.135501865349232, 0.3687370148256839
2.1355220977563016, 0.3603665789866566
2.1327907228019227, 0.3519990334914964
2.140863453222642, 0.4273242850111403
2.1408836856297118, 0.418953849172113
2.140903918036781, 0.4105834133330857
2.1409241504438508, 0.4022129774940586
2.14094438285092, 0.3938425416550313
2.140962086207106, 0.3865184102958825
2.14630597072433, 0.4524298118404879
2.1463262031313994, 0.4440593760014606
2.1463464355384687, 0.4356889401624333
2.1526454582727648, 0.485904811060907
2.1517535463277855, 0.4754427297100787
2.1517737787348548, 0.4670722938710514
2.1490373456787086, 0.4607973573356481
2.1491132172052194, 0.4294082229392959
2.1491334496122887, 0.4210377871002686
2.1580980919779873, 0.506825119970741
2.157203650982124, 0.497409343099791
2.168172144664662, 0.5130923489224988
2.1681923770717315, 0.5047219130834715
2.168212609478801, 0.4963514772444442
2.1746583171643503, 0.4858816883099706
2.173766405219371, 0.4754196069591421
2.179294910451104, 0.46495078147262414
2.1793151428581736, 0.45658034563359684
2.179335375265243, 0.44820990979456954
2.1793556076723126, 0.43983947395554224
2.182026285405483, 0.4733183269677841
2.1848790548022783, 0.4314632574287809
2.184899287209348, 0.4230928215897536
2.1849195196164173, 0.4147223857507263
2.1849397520234866, 0.406351949911699
2.1849599844305563, 0.3979815140726719
2.184977687786742, 0.3906573827135231
2.1914208664214074, 0.3812338982589276
2.1905289544764286, 0.37077181690809935
2.190549186883498, 0.36240138106907205
2.1878076957255845, 0.35821905349342553
2.196994894569047, 0.351931592134598
2.1961029826240677, 0.34146951078376975
2.1961232150311374, 0.33309907494474245
2.1961434474382067, 0.32472863910571514
2.196163679845276, 0.31635820326668784
2.201697243178777, 0.30379676882041307
2.201717475585846, 0.29542633298138576
2.201737707992916, 0.28705589714235846
2.201757940399985, 0.2786854613033314
2.2072915037334857, 0.2661240268570564
2.2073117361405554, 0.2577535910180291
2.2073319685476247, 0.249383155179002
2.207352200954694, 0.2410127193399747
2.2046107097967806, 0.23683039176432796
2.2128807061864273, 0.2305438938534563
2.212900938593497, 0.22217345801442923
2.2129186419496825, 0.21484932665528023
2.2193618205843486, 0.20542584220068494
2.224895383917849, 0.19286440775440994
2.221241748407887, 0.18659043466696223
2.2295117447975334, 0.18030393675609058
2.2295319772046027, 0.17193350091706328
2.235055424334569, 0.16355728439030215
2.2350731276907547, 0.15623315303115315
2.240599103871604, 0.14681063202451328
2.2406168072277897, 0.1394865006653645
2.246135196255988, 0.13320289309835998
2.2516561143350704, 0.12587298105147715
2.2516738176912563, 0.11854884969232837
2.2626878342897, 0.11539837487722471
2.2599463431317863, 0.11121604730157797
2.268216339521433, 0.10492954939070653
2.2746536170373703, 0.09794744205582728
2.284751274198959, 0.09444916252872004
2.2820097830410457, 0.09026683495307353
2.295772877950054, 0.08815977427398125
2.3067868945484977, 0.08500929945887803
2.3177907949434067, 0.08604404256328801
2.3297076827073258, 0.08882166301953998
2.3397783633261553, 0.09648396461113551
2.337041930270009, 0.09020902807573217
2.3507696184666456, 0.10275023011493767
2.3617608736071363, 0.10901649561873983
2.35902444055099, 0.10274155908333649
2.372767303052929, 0.10900493424327151
2.383773732498722, 0.1089933728678032
2.3947852200462822, 0.10688920253257828
2.3920437288883685, 0.10270687495693176
2.405806823797377, 0.1005998142778397
2.4122441013133136, 0.09361770694296023
2.4223417584749027, 0.09011942741585299
2.4333633622259976, 0.08383003916111442
2.438879222203312, 0.0785927360739882
2.449888180699989, 0.07753487021864158
2.449903355005291, 0.0712570433393711
2.460914842552851, 0.06915287300414619
2.4719313882021785, 0.06495609370916422
2.482947933851506, 0.06075931441418225
2.493959421399066, 0.05865514407895711
2.5049759670483938, 0.054458364783975366
2.515982396494186, 0.05444680340850683
2.5269989421435133, 0.05025002411352508
2.538005371589306, 0.05023846273805699
2.5490143300859827, 0.04918059688271015
2.5600283466844265, 0.046030122067606705
2.5710347761302192, 0.046018560692138166
2.5820462636777797, 0.04391439035691347
2.5930577512253397, 0.04181022002168833
2.6040641806711324, 0.04179865864621979
2.6150706101169248, 0.041787097270751694
2.6260770395627175, 0.041775535895283156
2.6370834690085103, 0.04176397451981506
2.648100014657838, 0.037567195224833316
2.6591064441036307, 0.03755563384936478
2.6701128735494235, 0.037544072473896684
2.6811193029952163, 0.037532511098428145
2.6921282614918924, 0.03647464524308175
2.7031422780903362, 0.033324170427978306
2.7141487075361286, 0.03331260905250977
2.7251551369819214, 0.03330104767704167
2.736161566427714, 0.033289486301573135
2.747167995873507, 0.03327792492610504
2.7581744253192997, 0.033266363550636946
2.7691808547650925, 0.03325480217516841
2.7801872842108852, 0.03324324079970031
2.791193713656678, 0.033231679424231775
2.802202672153354, 0.03217381356888538
2.813216688751798, 0.02902333875378238
2.8242231181975908, 0.02901177737831384
2.8352295476433835, 0.029000216002845747
2.8462359770891763, 0.028988654627377652
2.857242406534969, 0.028977093251909114
2.868248835980762, 0.02896553187644102
2.8737646959580765, 0.023728228789314354
2.884768596352986, 0.024762971893725005
2.8957750257987787, 0.024751410518256467
2.906781455244571, 0.024739849142788373
2.9177878846903638, 0.024728287767319834
2.9287943141361565, 0.02471672639185174
2.9398058016837165, 0.022612556056626598
2.950817289231277, 0.020508385721401456
2.9618237186770697, 0.020496824345933362
2.9728301481228625, 0.020485262970464824
2.9838365775686553, 0.02047370159499673
2.994843007014448, 0.020462140219528635
3.0058494364602404, 0.020450578844060097
3.016855865906033, 0.020439017468592002
3.027862295351826, 0.020427456093123908
3.038873782899386, 0.018323285757898322
3.049885270446946, 0.016219115422673624
3.0608916998927387, 0.016207554047205086
3.0718981293385315, 0.016195992671736992
3.0829045587843242, 0.016184431296268897
3.0939109882301166, 0.01617286992080036
3.1049174176759093, 0.016161308545332265
3.115923847121702, 0.016149747169863726
3.126930276567495, 0.016138185794395632
3.1379367060132877, 0.016126624418927538
3.1489431354590804, 0.016115063043459
3.159949564904873, 0.016103501667990905
3.1709458781471316, 0.020277158212036017
3.1819523075929244, 0.020265596836567923
3.1929587370387167, 0.02025403546109983
3.2039651664845095, 0.02024247408563129
3.2149715959303022, 0.020230912710163196
3.225978025376095, 0.020219351334694657
3.236984454821888, 0.020207789959226563
3.2479908842676806, 0.02019622858375847
3.2589973137134733, 0.02018466720828993
3.270003743159266, 0.020173105832821836
3.281010172605059, 0.020161544457353298
3.2920115439490836, 0.022242592041641807
3.303012915293109, 0.02432363962593076
3.314019344738902, 0.02431207825046222
3.3250257741846947, 0.024300516874994127
3.3360220874269526, 0.028474173419039683
3.3332856543708065, 0.022199236883635898
3.3470285168727454, 0.028462612043571145
3.358029888216771, 0.030543659627859654
3.369031259560796, 0.03262470721214772
3.3800275728030544, 0.036798363756193275
3.391023886045312, 0.04097202030023883
3.388287452989166, 0.03469708376483549
3.4029357157074633, 0.04584224971624762
3.4130114544280605, 0.05141194234808655
3.4249182259884448, 0.05837478072385194
3.421266276512405, 0.051403271316485366
3.435904423027168, 0.06673365518741092
3.4322524735511286, 0.05976214578004413
3.4468805038623564, 0.07927774757048334
3.4432285543863173, 0.07230623816311676
3.4569410682776516, 0.09112526708159252
3.454209693323273, 0.08275772158643235
3.4624240505934787, 0.09948992223288577
3.4679070329093054, 0.1078545773841788
3.4733900152251325, 0.11621923253547184
3.4706738145760556, 0.10157386016104142
3.4797885139608526, 0.12528046055872855
3.485261380073145, 0.137830333629535
3.489818729765543, 0.14968363382837846
3.496217228501264, 0.15874486185163472
3.4925855114322935, 0.14340291660524085
3.5016917806474783, 0.17059719860252254
3.50716464675977, 0.18314707167332944
3.5117000780111773, 0.20406834403111884
3.5117203104182466, 0.19569790819209176
3.5181002627808198, 0.21243203573445646
3.514487092084997, 0.18941719096895437
3.5226559264392963, 0.224982872253219
3.5281389087551234, 0.2333475274045118
3.5254227081060465, 0.2187021550300814
3.53362189107095, 0.24171218255580507
3.54002038980667, 0.25077341057906133
3.5500910704255, 0.2584357121706571
3.5473546373693545, 0.25216077563525374
3.561097499871293, 0.25842415079518877
3.56753477738723, 0.2514420434603095
3.5748757690856037, 0.25003926323682624
3.5776476088541207, 0.24166593705393202
3.583171055984087, 0.23328972052717045
3.5886945031140525, 0.22491350400040933
3.5887122064702384, 0.21758937264126033
3.594235653600204, 0.2092131561144992
3.5969695576054668, 0.21653439712978084
3.5997540426284025, 0.20292954854749445
3.6052749607074848, 0.19559963650061163
3.610798407837451, 0.18722341997385006
3.6108161111936363, 0.17989928861470128
3.6163345002218352, 0.17361568104769676
3.621855418300917, 0.1662857690008137
3.6273839235326504, 0.15581694351429554
3.624642432374737, 0.15163461593864902
3.6338296312181995, 0.14534715457982172
3.641177367052263, 0.14115422907666253
3.6439492068207806, 0.13278090289376832
3.6494726539507467, 0.12440468636700697
3.655909931466683, 0.1174225790321275
3.6660177048318072, 0.1097390815855066
3.6660328791371093, 0.10346125470623635
3.677044366684669, 0.10135708437101143
3.6770595409899713, 0.09507925749174095
3.6880710285375313, 0.09297508715651581
3.699092632288626, 0.08668569890177702
3.710109177937954, 0.08248891960679505
3.72111813643463, 0.08143105375144843
3.7321321530330738, 0.07828057893634499
3.7431385824788665, 0.07826901756087667
3.7541450119246593, 0.07825745618540836
3.765151441370452, 0.07824589480994004
3.7761679870197793, 0.07404911551495852
3.787174416465572, 0.0740375541394902
3.798180845911365, 0.07402599276402189
3.8091973915606925, 0.06982921346903992
3.8202038210064853, 0.0698176520935716
3.8312153085540452, 0.06771348175834668
3.8422267961016057, 0.06560931142312154
3.8532332255473984, 0.06559775004765322
3.864239654993191, 0.06558618867218491
3.8752460844389836, 0.06557462729671659
3.8862474557830087, 0.06765567488100532
3.8981643435469273, 0.07043329533725706
3.908240082267525, 0.07600298796909599
3.919236395509783, 0.0801766445131411
3.931143167070167, 0.08713948288890672
3.9274912175941274, 0.08016797348153992
3.941213847688997, 0.09480178448050247
3.938477414632851, 0.08852684794509891
3.9476123464247173, 0.10386301250375873
3.9585985434634403, 0.11222188696731772
3.954946593987401, 0.10525037755995115
3.96866922408227, 0.11988418855891347
3.965932791026124, 0.11360925202350991
3.974152206398097, 0.1282488437102065
3.98055239116774, 0.1366125354135439
3.991528472002928, 0.14915662779661654
3.987879894594734, 0.140790045749412
4.001587350384301, 0.1617016836276448
3.998855975429922, 0.15333413813248464
4.0070703327001285, 0.17006633877893784
4.013468831435849, 0.17912756680219433
4.024444912271037, 0.19167165918526696
4.020792962794998, 0.1847001497779004
4.03543110930976, 0.20003053364882595
4.031779159833721, 0.19305902424145938
4.045496731826823, 0.2097854442001783
4.056495574119965, 0.21291279626434512
4.067494416413106, 0.21604014832851237
4.078510962062433, 0.2118433690335304
4.089527507711761, 0.20764658973854844
4.1005389952593205, 0.2055424194033233
4.1005541695646235, 0.19926459252405282
4.111565657112183, 0.1971604221888279
4.111580831417485, 0.19088259530955765
4.1225923189650455, 0.1887784249743325
4.122607493270348, 0.18250059809506203
4.133618980817908, 0.18039642775983689
4.130877489659994, 0.17621410018419037
4.14464564267077, 0.17201443054534127
4.144660816976072, 0.1657366036660708
4.155672304523632, 0.16363243333084587
4.166688850172959, 0.15943565403586413
4.1777053958222865, 0.15523887474088216
4.174963904664374, 0.15105654716523542
4.188724470522498, 0.1499957909660219
4.199733429019174, 0.14893792511067505
4.210739858464967, 0.14892636373520673
4.22174628791076, 0.14891480235973864
4.2327527173565525, 0.14890324098427032
4.243751559649694, 0.15203059304843713
4.254755460044604, 0.15306533615284734
4.2657618894903955, 0.15305377477737903
4.276768318936188, 0.15304221340191093
4.287774748381981, 0.15303065202644262
4.298783706878658, 0.15197278617109578
4.309797723477102, 0.14882231135599233
4.320809211024662, 0.1467181410207674
4.320824385329964, 0.14044031414149694
4.331835872877524, 0.1383361438062718
4.342852418526851, 0.13413936451129005
4.340110927368938, 0.12995703693564353
4.353879080379714, 0.12575736729679443
4.362138960565826, 0.12365608730543642
4.3649082712834595, 0.11632906560242051
4.375927345983671, 0.11108598182756024
4.382364623499607, 0.10410387449268099
4.392462280661197, 0.10060559496557375
4.389720789503284, 0.09642326738992724
4.403483884412291, 0.09431620671083518
4.409921161928229, 0.08733409937595571
4.420018819089818, 0.08383581984884847
4.431035364739145, 0.07963904055386672
4.442051910388472, 0.07544226125888498
4.453063397936033, 0.07333809092365984
4.464074885483593, 0.0712339205884347
4.475086373031153, 0.06912975025320978
4.4860928024769455, 0.06911818887774146
4.497101760973623, 0.06806032302239462
4.508110719470298, 0.067002457167048
4.519122207017858, 0.06489828683182286
4.530128636463651, 0.06488672545635477
4.541140124011211, 0.06278255512112962
4.552156669660539, 0.05858577582614766
4.563173215309866, 0.05438899653116591
4.574184702857426, 0.05228482619594077
4.579700562834741, 0.04704752310881455
4.590706992280534, 0.047035961733346454
4.601721008878978, 0.04388548691824257
4.6127324964265375, 0.04178131658301787
4.623743983974098, 0.03967714624779228
4.634760529623425, 0.03548036695281054
4.645777075272753, 0.03128358765782879
4.65679362092208, 0.027086808362847048
4.667800050367873, 0.027075246987378954
4.678811537915434, 0.024971076652153368
4.67607004675752, 0.020788749076507074
4.689823025462993, 0.02286690631692867
4.700829454908785, 0.022855344941460576
4.711825768151043, 0.027029001485505688
4.722832197596836, 0.027017440110037594
4.733843685144397, 0.024913269774812452
4.731102193986483, 0.020730942199165714
4.744855172691956, 0.02280909943958731
4.7558666602395165, 0.02070492910436217
4.766883205888844, 0.01650814980937998
4.777894693436404, 0.014403979474155282
4.789818325336013, 0.014391454650731106
4.7971559449665415, 0.014383747067086006
