       X           Y
 0.304385E+03 0.325066E+00    
 0.300896E+03 0.306828E+00    
 0.304333E+03 0.306838E+00    
 0.304350E+03 0.312914E+00    
 0.300974E+03 0.334170E+00    
 0.302719E+03 0.343289E+00    
 0.304315E+03 0.300762E+00    
 0.311188E+03 0.300783E+00    
 0.311171E+03 0.294707E+00    
 0.805124E+03 -.167038E-01    
 0.309426E+03 0.285588E+00    
 0.314538E+03 0.270413E+00    
 0.312837E+03 0.276484E+00    
 0.328309E+03 0.279569E+00    
 0.323137E+03 0.273478E+00    
 0.331746E+03 0.279580E+00    
 0.338619E+03 0.279601E+00    
 0.342055E+03 0.279611E+00    
 0.347184E+03 0.270513E+00    
 0.335226E+03 0.294780E+00    
 0.352330E+03 0.267490E+00    
 0.360895E+03 0.258402E+00    
 0.362604E+03 0.255370E+00    
 0.372949E+03 0.267553E+00    
 0.379795E+03 0.258460E+00    
 0.383180E+03 0.240242E+00    
 0.386581E+03 0.228101E+00    
 0.391684E+03 0.209888E+00    
 0.393332E+03 0.185590E+00    
 0.403590E+03 0.167393E+00    
 0.413855E+03 0.152234E+00    
 0.417231E+03 0.130979E+00    
 0.410410E+03 0.149186E+00    
 0.407000E+03 0.158289E+00    
 0.400205E+03 0.185610E+00    
 0.393350E+03 0.191666E+00    
 0.400153E+03 0.167382E+00    
 0.393298E+03 0.173438E+00    
 0.393367E+03 0.197742E+00    
 0.384820E+03 0.212905E+00    
 0.389974E+03 0.212921E+00    
 0.381488E+03 0.249351E+00    
 0.376350E+03 0.255411E+00    
 0.378112E+03 0.270607E+00    
 0.371196E+03 0.255396E+00    
 0.364323E+03 0.255375E+00    
 0.371213E+03 0.261472E+00    
 0.417240E+03 0.134017E+00    
 0.415530E+03 0.137049E+00    
 0.424087E+03 0.124923E+00    
 0.427497E+03 0.115820E+00    
 0.430942E+03 0.118868E+00    
 0.436079E+03 0.112808E+00    
 0.449825E+03 0.112850E+00    
 0.444688E+03 0.118910E+00    
 0.454980E+03 0.112865E+00    
 0.465289E+03 0.112897E+00    
 0.465280E+03 0.109859E+00    
 0.472162E+03 0.112918E+00    
 0.487644E+03 0.119041E+00    
 0.485899E+03 0.109921E+00    
 0.480753E+03 0.112944E+00    
 0.492798E+03 0.119056E+00    
 0.504808E+03 0.113017E+00    
 0.516862E+03 0.122167E+00    
 0.528890E+03 0.122204E+00    
 0.544345E+03 0.119213E+00    
 0.559827E+03 0.125336E+00    
 0.577052E+03 0.140578E+00    
 0.587362E+03 0.140609E+00    
 0.609733E+03 0.152829E+00    
 0.623514E+03 0.165023E+00    
 0.640696E+03 0.165075E+00    
 0.657870E+03 0.162089E+00    
 0.659579E+03 0.159057E+00    
 0.654416E+03 0.156003E+00    
 0.640670E+03 0.155961E+00    
 0.630378E+03 0.162006E+00    
 0.616615E+03 0.155888E+00    
 0.599398E+03 0.143684E+00    
 0.585661E+03 0.146680E+00    
 0.575308E+03 0.131459E+00    
 0.565025E+03 0.140541E+00    
 0.546098E+03 0.131370E+00    
 0.540935E+03 0.128316E+00    
 0.509989E+03 0.122146E+00    
 0.532335E+03 0.125252E+00    
 0.547790E+03 0.122261E+00    
 0.496217E+03 0.112991E+00    
 0.661324E+03 0.168176E+00    
 0.671659E+03 0.177321E+00    
 0.675122E+03 0.186446E+00    
 0.664778E+03 0.174262E+00    
 0.678567E+03 0.189494E+00    
 0.687236E+03 0.216862E+00    
 0.682047E+03 0.204694E+00    
 0.682047E+03 0.204694E+00    
 0.689024E+03 0.241171E+00    
 0.689042E+03 0.247247E+00    
 0.114251E+04 0.200017E+00    
 0.703205E+03 0.393113E+00    
 0.703188E+03 0.387037E+00    
 0.699716E+03 0.374875E+00    
 0.701452E+03 0.380956E+00    
 0.701443E+03 0.377918E+00    
 0.697963E+03 0.362718E+00    
 0.696193E+03 0.344484E+00    
 0.696149E+03 0.329294E+00    
 0.694353E+03 0.301947E+00    
 0.694249E+03 0.265491E+00    
 0.692565E+03 0.277638E+00    
 0.696054E+03 0.295876E+00    
 0.696141E+03 0.326256E+00    
 0.696123E+03 0.320180E+00    
 0.706641E+03 0.393124E+00    
 0.710034E+03 0.377944E+00    
 0.710017E+03 0.371868E+00    
 0.715128E+03 0.356694E+00    
 0.709921E+03 0.338450E+00    
 0.713323E+03 0.326308E+00    
 0.713271E+03 0.308080E+00    
 0.716699E+03 0.305053E+00    
 0.709956E+03 0.350602E+00    
 0.710017E+03 0.371868E+00    
 0.711518E+03 0.295923E+00    
 0.716612E+03 0.274673E+00    
 0.720074E+03 0.283797E+00    
 0.716664E+03 0.292901E+00    
 0.718278E+03 0.256450E+00    
 0.726825E+03 0.241286E+00    
 0.719918E+03 0.229113E+00    
 0.716498E+03 0.235179E+00    
 0.718304E+03 0.265564E+00    
 0.725090E+03 0.235205E+00    
 0.718252E+03 0.247336E+00    
 0.726756E+03 0.216982E+00    
 0.723319E+03 0.216972E+00    
 0.719813E+03 0.192657E+00    
 0.723241E+03 0.189630E+00    
 0.726730E+03 0.207868E+00    
 0.723224E+03 0.183554E+00    
 0.719839E+03 0.201771E+00    
 0.731789E+03 0.174466E+00    
 0.733455E+03 0.156243E+00    
 0.738583E+03 0.147145E+00    
 0.736908E+03 0.162329E+00    
 0.730009E+03 0.153195E+00    
 0.731815E+03 0.183580E+00    
 0.723171E+03 0.165326E+00    
 0.743712E+03 0.138046E+00    
 0.748849E+03 0.131986E+00    
 0.730105E+03 0.186613E+00    
 0.733559E+03 0.192699E+00    
 0.750550E+03 0.125915E+00    
 0.760868E+03 0.128985E+00    
 0.767732E+03 0.125967E+00    
 0.757440E+03 0.132012E+00    
 0.776349E+03 0.135108E+00    
 0.774649E+03 0.141178E+00    
 0.778129E+03 0.156379E+00    
 0.767793E+03 0.147233E+00    
 0.783283E+03 0.156394E+00    
 0.788447E+03 0.159448E+00    
 0.795328E+03 0.162507E+00    
 0.802201E+03 0.162528E+00    
 0.814211E+03 0.156488E+00    
 0.817622E+03 0.147385E+00    
 0.817596E+03 0.138271E+00    
 0.812476E+03 0.150407E+00    
 0.822689E+03 0.117020E+00    
 0.832999E+03 0.117052E+00    
 0.839846E+03 0.107959E+00    
 0.841573E+03 0.111002E+00    
 0.853626E+03 0.120152E+00    
 0.857054E+03 0.117125E+00    
 0.832973E+03 0.107938E+00    
 0.869125E+03 0.132351E+00    
 0.858781E+03 0.120168E+00    
 0.850164E+03 0.111028E+00    
 0.867407E+03 0.132346E+00    
 0.879504E+03 0.156687E+00    
 0.860516E+03 0.126249E+00    
 0.884650E+03 0.153664E+00    
 0.874306E+03 0.141481E+00    
 0.893276E+03 0.165843E+00    
 0.889839E+03 0.165832E+00    
 0.895072E+03 0.193190E+00    
 0.896765E+03 0.184081E+00    
 0.898561E+03 0.211428E+00    
 0.898622E+03 0.232694E+00    
 0.902102E+03 0.247895E+00    
 0.905573E+03 0.260057E+00    
 0.907335E+03 0.275252E+00    
 0.909097E+03 0.290448E+00    
 0.909131E+03 0.302600E+00    
 0.910884E+03 0.314757E+00    
 0.912646E+03 0.329952E+00    
 0.912707E+03 0.351218E+00    
 0.911032E+03 0.366403E+00    
 0.914504E+03 0.378565E+00    
 0.914565E+03 0.399831E+00    
 0.914617E+03 0.418059E+00    
 0.916396E+03 0.439330E+00    
 0.918175E+03 0.460602E+00    
 0.918245E+03 0.484906E+00    
 0.920015E+03 0.503139E+00    
 0.916631E+03 0.521357E+00    
 0.916692E+03 0.542623E+00    
 0.920172E+03 0.557823E+00    
 0.920241E+03 0.582127E+00    
 0.925448E+03 0.600371E+00    
 0.920293E+03 0.600355E+00    
 0.918627E+03 0.618578E+00    
 0.918662E+03 0.630730E+00    
 0.920415E+03 0.642887E+00    
 0.920485E+03 0.667191E+00    
 0.920467E+03 0.661115E+00    
 0.917101E+03 0.685409E+00    
 0.920520E+03 0.679343E+00    
 0.920546E+03 0.688457E+00    
 0.920624E+03 0.715799E+00    
 0.924008E+03 0.697581E+00    
 0.925848E+03 0.740119E+00    
 0.925918E+03 0.764423E+00    
 0.924269E+03 0.788722E+00    
 0.926040E+03 0.806955E+00    
 0.929546E+03 0.831269E+00    
 0.927880E+03 0.849492E+00    
 0.926248E+03 0.879867E+00    
 0.924582E+03 0.898090E+00    
 0.928123E+03 0.934556E+00    
 0.926353E+03 0.916323E+00    
 0.928167E+03 0.949746E+00    
 0.929929E+03 0.964941E+00    
 0.928254E+03 0.980126E+00    
 0.930033E+03 0.100140E+01    
 0.938624E+03 0.100142E+01    
 0.940273E+03 0.977125E+00    
 0.931786E+03 0.101355E+01    
 0.938502E+03 0.958891E+00    
 0.936854E+03 0.983190E+00    
 0.938485E+03 0.952815E+00    
 0.938372E+03 0.913321E+00    
 0.934866E+03 0.889007E+00    
 0.938233E+03 0.864713E+00    
 0.939899E+03 0.846491E+00    
 0.939794E+03 0.810035E+00    
 0.939733E+03 0.788768E+00    
 0.939655E+03 0.761426E+00    
 0.939577E+03 0.734084E+00    
 0.941208E+03 0.703710E+00    
 0.939429E+03 0.682438E+00    
 0.941077E+03 0.658140E+00    
 0.940973E+03 0.621684E+00    
 0.940895E+03 0.594342E+00    
 0.942526E+03 0.563967E+00    
 0.940729E+03 0.536620E+00    
 0.940616E+03 0.497126E+00    
 0.938820E+03 0.469778E+00    
 0.940477E+03 0.448518E+00    
 0.942108E+03 0.418143E+00    
 0.940329E+03 0.396872E+00    
 0.943670E+03 0.363464E+00    
 0.943600E+03 0.339160E+00    
 0.943522E+03 0.311818E+00    
 0.946880E+03 0.284486E+00    
 0.943374E+03 0.260172E+00    
 0.945040E+03 0.241949E+00    
 0.948407E+03 0.217656E+00    
 0.950038E+03 0.187281E+00    
 0.953414E+03 0.166025E+00    
 0.960208E+03 0.138704E+00    
 0.965294E+03 0.114416E+00    
 0.975551E+03 0.962190E-01    
 0.980671E+03 0.840827E-01    
 0.990971E+03 0.810760E-01    
 0.100128E+04 0.811073E-01    
 0.150338E+04 0.814785E+00    
 0.940160E+03 0.937631E+00    
 0.941834E+03 0.922446E+00    
 0.941747E+03 0.892066E+00    
 0.945027E+03 0.837392E+00    
 0.941521E+03 0.813078E+00    
 0.944879E+03 0.785746E+00    
 0.944784E+03 0.752328E+00    
 0.941260E+03 0.721938E+00    
 0.941138E+03 0.679406E+00    
 0.944488E+03 0.649036E+00    
 0.944401E+03 0.618656E+00    
 0.944279E+03 0.576124E+00    
 0.940756E+03 0.545734E+00    
 0.940669E+03 0.515354E+00    
 0.944001E+03 0.478908E+00    
 0.943931E+03 0.454604E+00    
 0.943818E+03 0.415110E+00    
 0.943705E+03 0.375616E+00    
 0.945293E+03 0.330051E+00    
 0.945153E+03 0.281443E+00    
 0.946732E+03 0.232840E+00    
 0.950047E+03 0.190319E+00    
 0.953336E+03 0.138683E+00    
 0.961796E+03 0.931393E-01    
 0.956694E+03 0.111352E+00    
 0.955036E+03 0.132612E+00    
 0.949951E+03 0.156901E+00    
 0.950038E+03 0.187281E+00    
 0.946698E+03 0.220688E+00    
 0.945127E+03 0.272329E+00    
 0.943574E+03 0.330046E+00    
 0.943714E+03 0.378654E+00    
 0.943844E+03 0.424224E+00    
 0.943983E+03 0.472832E+00    
 0.940703E+03 0.527506E+00    
 0.940825E+03 0.570038E+00    
 0.939246E+03 0.618640E+00    
 0.941086E+03 0.661178E+00    
 0.939481E+03 0.700666E+00    
 0.939629E+03 0.752312E+00    
 0.938067E+03 0.806991E+00    
 0.936514E+03 0.864708E+00    
 0.935040E+03 0.949767E+00    
 0.935196E+03 0.100445E+01    
 0.931525E+03 0.922414E+00    
 0.920955E+03 0.831243E+00    
 0.919088E+03 0.779592E+00    
 0.917248E+03 0.737055E+00    
 0.917179E+03 0.712751E+00    
 0.920728E+03 0.752255E+00    
 0.922473E+03 0.761374E+00    
 0.166282E+04 0.891930E-01    
 0.940133E+03 0.928517E+00    
 0.938346E+03 0.904207E+00    
 0.939864E+03 0.834338E+00    
 0.970396E+03 0.962034E-01    
 0.989279E+03 0.901848E-01    
 0.997888E+03 0.962869E-01    
 0.101162E+04 0.902526E-01    
 0.989279E+03 0.901848E-01    
 0.101847E+04 0.841975E-01    
 0.103218E+04 0.720873E-01    
 0.104247E+04 0.660426E-01    
 0.105452E+04 0.721551E-01    
 0.104593E+04 0.721290E-01    
 0.102875E+04 0.751148E-01    
 0.101675E+04 0.841923E-01    
 0.105967E+04 0.721708E-01    
 0.107168E+04 0.661313E-01    
 0.109229E+04 0.631560E-01    
 0.110600E+04 0.480077E-01    
 0.109916E+04 0.601389E-01    
 0.108026E+04 0.600814E-01    
 0.105624E+04 0.721604E-01    
 0.102875E+04 0.751148E-01    
 0.100819E+04 0.932802E-01    
 0.103906E+04 0.721082E-01    
 0.107340E+04 0.661366E-01    
 0.110261E+04 0.662253E-01    
 0.114557E+04 0.663558E-01    
 0.113179E+04 0.541620E-01    
 0.111287E+04 0.480286E-01    
 0.111458E+04 0.449958E-01    
 0.112316E+04 0.419839E-01    
 0.112834E+04 0.511136E-01    
 0.115239E+04 0.481487E-01    
 0.117643E+04 0.421457E-01    
 0.118674E+04 0.452151E-01    
 0.121077E+04 0.361741E-01    
 0.122454E+04 0.422919E-01    
 0.125889E+04 0.393583E-01    
 0.133965E+04 0.396036E-01    
 0.132418E+04 0.365187E-01    
 0.130700E+04 0.395045E-01    
 0.128638E+04 0.364038E-01    
 0.126919E+04 0.363516E-01    
 0.125717E+04 0.363151E-01    
 0.124001E+04 0.453769E-01    
 0.122108E+04 0.362055E-01    
 0.120735E+04 0.422397E-01    
 0.118674E+04 0.452151E-01    
 0.117644E+04 0.482217E-01    
 0.115583E+04 0.481591E-01    
 0.113864E+04 0.481069E-01    
 0.133793E+04 0.395984E-01    
 0.131388E+04 0.395253E-01    
 0.127950E+04 0.363829E-01    
 0.125717E+04 0.393531E-01    
 0.123138E+04 0.301608E-01    
 0.120735E+04 0.422397E-01    
 0.118331E+04 0.452046E-01    
 0.117129E+04 0.482061E-01    
 0.115927E+04 0.512075E-01    
 0.114552E+04 0.481278E-01    
 0.133449E+04 0.395880E-01    
 0.130010E+04 0.303696E-01    
 0.126402E+04 0.302600E-01    
 0.124169E+04 0.332301E-01    
 0.121592E+04 0.331518E-01    
 0.118158E+04 0.421614E-01    
 0.116612E+04 0.421144E-01    
 0.114382E+04 0.541986E-01    
 0.112832E+04 0.419996E-01    
 0.110772E+04 0.510509E-01    
 0.108371E+04 0.661679E-01    
 0.106311E+04 0.721812E-01    
 0.103222E+04 0.842393E-01    
 0.101677E+04 0.902683E-01    
