A	B
-229.22621	-49.49746
-227.68269	-49.08914
-226.13958	-49.16032
-224.59686	-49.88617
-223.05454	-50.52548
-221.51263	-50.32976
-219.97111	-49.20403
-218.43	-48.9698
-216.88928	-50.23862
-215.34896	-51.96081
-213.80905	-52.897
-212.26953	-54.22356
-210.73041	-55.96932
-209.19169	-56.42846
-207.65337	-55.39897
-206.11545	-54.6058
-204.57793	-55.51134
-203.0408	-57.35455
-201.50408	-59.47539
-199.96775	-60.39134
-198.43182	-60.71864
-196.89629	-60.76968
-195.36116	-61.30384
-193.82642	-61.57501
-192.29208	-62.50255
-190.75814	-64.03504
-189.2246	-65.12137
-187.69146	-63.83018
-186.15871	-61.32103
-184.62636	-60.91681
-183.09441	-64.04981
-181.56285	-66.90883
-180.03169	-66.17547
-178.50093	-63.33672
-176.97057	-62.56158
-175.4406	-63.51063
-173.91102	-63.83174
-172.38185	-62.83917
-170.85307	-63.17111
-169.32468	-65.49253
-167.7967	-67.98982
-166.2691	-68.06242
-164.74191	-66.49783
-163.21511	-65.05791
-161.6887	-64.36109
-160.16269	-63.2345
-158.63708	-62.50668
-157.11186	-63.05188
-155.58703	-64.7977
-154.0626	-66.7333
-152.53857	-69.41529
-151.01493	-72.38129
-149.49168	-74.00478
-147.96883	-72.62776
-146.44638	-69.75292
-144.92431	-67.88512
-143.40264	-67.69866
-141.88137	-66.34197
-140.36049	-63.62104
-138.84	-63.47055
-137.31991	-67.89551
-135.80021	-72.06545
-134.28091	-72.56564
-132.76199	-72.3332
-131.24347	-75.23375
-129.72535	-79.00312
-128.20761	-80.6865
-126.69027	-79.49701
-125.17333	-77.57172
-123.65677	-75.47581
-122.14061	-74.11852
-120.62484	-73.82159
-119.10946	-76.71106
-117.59447	-82.45171
-116.07988	-87.56704
-114.56568	-87.28164
-113.05187	-83.04848
-111.53845	-80.39
-110.02542	-82.27005
-108.51279	-84.87355
-107.00055	-83.9109
-105.48869	-79.33087
-103.97723	-73.75911
-102.46616	-70.44356
-100.95548	-71.01225
-99.4452	-74.77995
-97.9353	-79.072
-96.42579	-82.91025
-94.91667	-86.35575
-93.40795	-88.97655
-91.89961	-90.69499
-90.39167	-93.9002
-88.88411	-101.03426
-87.37694	-109.56482
-85.87017	-112.55516
-84.36378	-108.81191
-82.85779	-103.74869
-81.35218	-101.54528
-79.84696	-101.99002
-78.34213	-106.23512
-76.83769	-115.51403
-75.33364	-125.91923
-73.82998	-133.28636
-72.32671	-135.41201
-70.82382	-134.71446
-69.32133	-132.75316
-67.81922	-134.24359
-66.3175	-139.12041
-64.81617	-145.53386
-63.31523	-144.66562
-61.81467	-133.44791
-60.31451	-117.41439
-58.81473	-110.31707
-57.31534	-115.6423
-55.81633	-123.22305
-54.31772	-125.23941
-52.81949	-126.27912
-51.32165	-132.2347
-49.82419	-132.10516
-48.32713	-117.88801
-46.83045	-101.65566
-45.33415	-106.38829
-43.83825	-128.80687
-42.34273	-151.59936
-40.84759	-162.31006
-39.35284	-167.57396
-37.85848	-167.35331
-36.36451	-165.34202
-34.87092	-159.81658
-33.37771	-158.70614
-31.8849	-168.95054
-30.39247	-203.06337
-28.90042	-255.81316
-27.40876	-294.86802
-25.91748	-276.84757
-24.42659	-192.30315
-22.93609	-94.61099
-21.44597	-39.59025
-19.95623	-34.43573
-18.46688	-42.37921
-16.97792	-45.23983
-15.48933	-43.96574
-14.00114	-44.07579
-12.51332	-44.0758
-11.0259	-44.0758
-9.53885	-44.07581
-8.05219	-44.07582
-6.56592	-44.07583
-5.08002	-44.07584
-3.59452	-44.07585
-2.10939	-44.07586
-0.62465	-44.07587
0.85971	-44.07588
2.34368	-44.07589
3.82728	-44.0759
5.31049	-44.0759
6.79331	-44.07591
8.27575	-44.07592
9.75782	-44.07593
11.23949	-44.07594
12.72079	-44.07595
14.2017	-44.07596
15.68223	-44.07597
17.16238	-44.07598
18.64215	-44.07599
20.12153	-44.076
21.60053	-44.07601
23.07916	-44.07602
24.5574	-44.07603
26.03525	-44.07604
27.51273	-44.07604
28.98983	-44.07605
30.46654	-44.07606
31.94287	-44.07607
33.41882	-44.07608
34.8944	-44.07609
36.36959	-44.0761
37.8444	-44.07611
39.31883	-44.07612
40.79288	-44.07613
42.26654	-44.07614
43.73983	-44.07615
45.21274	-44.07616
46.68527	-44.07617
48.15742	-44.07618
49.62919	-44.07619
51.10058	-44.0762
52.57159	-44.07621
54.04222	-44.07622
55.51247	-44.07623
56.98234	-44.07624
58.45183	-44.07625
59.92094	-44.07626
61.38968	-44.07627
62.85803	-44.07628
64.32601	-44.07629
65.79361	-44.0763
67.26083	-44.07631
68.72767	-44.07632
70.19414	-44.07633
71.66022	-44.07634
73.12593	-44.07635
74.59126	-44.07636
76.05621	-44.07637
77.52078	-44.07638
78.98498	-44.07639
80.4488	-44.0764
81.91224	-44.07642
83.3753	-44.07643
84.83799	-44.07644
86.3003	-44.07645
87.76223	-44.07646
89.22379	-44.07647
90.68497	-44.07648
92.14577	-44.07649
93.6062	-44.0765
95.06625	-42.69996
96.52592	-59.72168
97.98522	-9.1275
99.44414	35.50495
100.90269	-47.59312
102.36086	-494.68965
103.81865	-1393.96644
105.27607	-2760.87584
106.73311	-3776.86882
108.18978	-3392.12524
109.64607	-1810.62219
111.10198	-463.67116
112.55752	-129.94889
114.01269	-200.64523
115.46748	-178.53402
116.9219	-81.14706
118.37594	-77.59006
119.82961	-85.53923
121.2829	-91.34458
122.73582	-87.6952
124.18836	-84.71103
125.64053	-84.44639
127.09232	-85.74114
128.54375	-83.62211
129.99479	-79.06351
131.44547	-76.50327
132.89577	-77.99003
134.34569	-81.40768
135.79525	-83.82459
137.24443	-83.85244
138.69323	-81.60905
140.14167	-79.27133
141.58973	-77.78524
143.03741	-77.47381
144.48473	-77.69165
145.93167	-77.77579
147.37824	-77.64513
148.82444	-77.38248
150.27026	-77.63727
151.71571	-77.83024
153.16079	-77.41051
154.6055	-75.40788
156.04984	-73.32986
157.4938	-72.59916
158.93739	-72.3346
160.38061	-70.16124
161.82346	-67.17876
163.26594	-65.20951
164.70804	-63.37807
166.14978	-60.20152
167.59114	-58.51991
169.03214	-60.27655
170.47276	-62.83085
171.91301	-62.59344
173.35289	-61.49569
174.7924	-61.80763
176.23154	-63.00224
177.67031	-62.45437
179.1087	-60.20117
180.54673	-56.82992
181.98439	-53.60112
183.42168	-50.94195
184.8586	-49.35649
186.29514	-49.06291
187.73132	-50.89849
189.16713	-53.83855
190.60257	-55.09107
192.03764	-52.99245
193.47234	-49.84389
194.90667	-48.15886
196.34064	-47.85349
197.77423	-47.27662
199.20746	-46.35514
200.64031	-45.74786
202.0728	-45.73115
203.50492	-45.42755
204.93667	-44.25803
206.36805	-42.70017
207.79907	-41.84841
209.22971	-41.54406
210.65999	-40.63173
212.0899	-38.91292
213.51944	-37.42197
214.94862	-37.14307
216.37742	-37.42161
217.80586	-36.52835
219.23393	-33.96789
220.66164	-31.1928
222.08898	-29.59902
223.51595	-28.25161
224.94255	-26.41701
226.36878	-24.41047
227.79465	-23.21582
229.22016	-22.47477
230.64529	-22.14035
232.07006	-21.95161
233.49447	-22.13712
234.9185	-21.94285
236.34217	-21.45106
237.76548	-20.56618
239.18842	-20.29474
240.61099	-20.15216
242.0332	-20.04251
243.45504	-19.33227
244.87652	-18.77616
246.29763	-18.05477
247.71837	-17.31074
249.13875	-16.28102
250.55877	-15.4317
251.97842	-14.28175
253.3977	-12.96711
254.81662	-11.44803
256.23518	-9.15484
257.65337	-5.30181
259.07119	-0.79853
260.48865	3.34151
261.90575	7.63706
263.32248	11.99345
264.73885	15.48053
266.15486	18.18013
267.5705	21.60052
268.98578	24.88759
270.40069	26.05585
271.81524	23.96996
273.22942	19.28992
274.64325	12.96785
276.05671	6.43616
277.4698	0.96688
278.88254	-3.42423
280.29491	-6.96271
281.70691	-9.21733
283.11856	-9.55705
284.52984	-9.04474
285.94076	-8.70485
287.35131	-8.87057
288.76151	-9.44586
290.17134	-10.64864
291.58081	-11.63677
292.98992	-11.64397
294.39866	-10.89043
295.80705	-9.80665
297.21507	-8.84474
298.62273	-8.4128
300.03002	-8.70342
301.43696	-8.98262
302.84354	-9.79301
304.24975	-11.23311
305.6556	-12.42503
307.0611	-11.97584
308.46623	-10.73589
309.871	-9.78045
311.2754	-9.35161
312.67945	-8.67805
314.08314	-7.89659
315.48647	-7.82515
316.88943	-8.59199
318.29204	-8.95574
319.69429	-8.34457
321.09617	-7.86965
322.4977	-8.41233
323.89886	-9.00005
325.29967	-8.9473
326.70012	-8.77512
328.1002	-8.72846
329.49993	-7.83793
330.8993	-6.61731
332.29831	-6.50776
333.69696	-7.65014
335.09525	-8.43113
336.49318	-8.40052
337.89075	-7.97204
339.28797	-7.70861
340.68482	-7.46429
342.08132	-7.14608
343.47746	-6.49808
344.87323	-6.0074
346.26866	-5.90298
347.66372	-6.41395
349.05842	-7.36798
350.45277	-8.46765
351.84676	-8.65372
353.24039	-7.7495
354.63366	-6.36624
356.02658	-5.31517
357.41914	-4.66744
358.81134	-4.71035
360.20318	-5.43429
361.59467	-6.58897
362.9858	-7.14999
364.37657	-6.85196
365.76698	-6.08826
367.15704	-5.95284
368.54674	-6.36528
369.93609	-6.71755
371.32507	-6.34306
372.71371	-5.51513
374.10198	-4.64909
375.4899	-4.40948
376.87746	-5.0261
378.26467	-6.15151
379.65152	-6.74022
381.03802	-6.57549
382.42415	-6.14953
383.80994	-5.88075
385.19537	-5.73826
386.58044	-5.82299
387.96516	-6.36747
389.34952	-6.98167
390.73352	-7.21691
392.11718	-6.96777
393.50047	-6.97244
394.88341	-7.59737
396.266	-8.17562
397.64823	-8.16983
399.03011	-7.9955
400.41164	-8.2718
401.7928	-8.02164
403.17362	-6.78365
404.55408	-5.27694
405.93418	-5.00037
407.31394	-5.52915
408.69334	-5.87431
410.07238	-5.57694
411.45107	-5.36508
412.82941	-5.61584
414.20739	-6.1534
415.58502	-6.6739
416.9623	-7.02538
418.33922	-6.92956
419.71579	-6.16958
421.09201	-5.18785
422.46787	-5.01525
423.84339	-5.41796
425.21855	-5.5981
426.59335	-5.04661
427.96781	-4.59126
429.34191	-4.84098
430.71566	-6.04788
432.08905	-7.39481
433.4621	-7.4614
434.83479	-6.7881
436.20713	-6.69376
437.57912	-7.85998
438.95075	-7.9617
440.32204	-6.62374
441.69297	-4.34659
443.06356	-3.5253
444.43379	-3.87478
445.80367	-5.61939
447.17319	-6.3007
448.54237	-5.22227
449.9112	-1.46587
451.27967	0.82468
452.6478	0.40705
454.01557	-2.22239
455.38299	-3.50219
456.75006	-4.45275
458.11679	-5.62001
459.48316	-7.00795
460.84918	-7.44687
462.21485	-7.53166
463.58017	-7.54064
464.94514	-7.22413
466.30976	-6.66534
467.67403	-6.39683
469.03796	-6.51374
470.40153	-6.68601
471.76475	-6.9928
473.12762	-7.33575
474.49015	-7.18597
475.85232	-6.22011
477.21415	-5.21046
478.57563	-4.39436
479.93675	-4.07771
481.29753	-4.33691
482.65796	-5.65831
484.01804	-6.73762
485.37778	-6.5168
486.73716	-4.81472
488.0962	-3.61143
489.45489	-4.30215
490.81323	-6.10192
492.17122	-6.92355
493.52886	-6.04648
494.88616	-4.93046
496.24311	-4.45526
497.59971	-4.77469
498.95596	-4.92328
500.31187	-4.55436
501.66742	-3.57287
503.02263	-3.34324
504.3775	-4.30024
505.73201	-5.7626
507.08618	-6.43462
508.44001	-6.32079
509.79348	-5.88615
511.14661	-5.38741
512.49939	-4.90365
513.85183	-4.21572
515.20392	-3.69883
516.55566	-3.77176
517.90706	-4.75352
519.25811	-5.19712
520.60881	-4.58667
521.95917	-3.07034
523.30918	-2.10532
524.65885	-1.89639
526.00817	-2.43355
527.35715	-2.72213
528.70578	-2.5869
530.05406	-2.43945
531.402	-2.82279
532.74959	-3.52805
534.09684	-4.15023
535.44374	-4.61892
536.7903	-4.74446
538.13652	-4.57253
539.48239	-4.53169
540.82791	-4.81992
542.17309	-4.85369
543.51792	-4.22312
544.86242	-3.39238
546.20656	-2.80653
547.55036	-2.66253
548.89382	-3.11389
550.23694	-4.19725
551.57971	-5.13239
552.92213	-5.21249
554.26422	-4.52086
555.60596	-3.70133
556.94735	-3.32962
558.2884	-3.55803
559.62911	-3.81512
560.96948	-3.59338
562.3095	-2.91417
563.64918	-2.5749
564.98851	-2.72317
566.32751	-3.27508
567.66616	-3.81851
569.00446	-4.33432
570.34243	-4.38705
571.68005	-3.72179
573.01733	-3.13725
574.35427	-3.58241
575.69086	-4.16451
577.02712	-3.48752
578.36303	-1.97558
579.6986	-1.57266
581.03382	-2.24304
582.36871	-3.10393
583.70325	-3.26454
585.03745	-3.40465
586.37131	-3.6764
587.70483	-4.17178
589.03801	-4.44858
590.37085	-4.41685
591.70334	-4.28925
593.0355	-4.27726
594.36731	-4.55579
595.69878	-4.56317
597.02991	-4.31763
598.3607	-4.17782
599.69115	-4.78957
601.02126	-5.42678
602.35103	-5.50804
603.68046	-4.85971
605.00955	-4.2809
606.3383	-3.62297
607.66671	-2.96956
608.99477	-2.51033
610.3225	-3.43016
611.64989	-4.78451
612.97694	-5.0537
614.30365	-3.49076
615.63002	-2.13438
616.95605	-2.11705
618.28174	-3.0788
619.60709	-3.36839
620.9321	-2.84783
622.25678	-2.22119
623.58111	-2.50746
624.90511	-3.19993
626.22876	-3.533
627.55208	-3.10956
628.87506	-2.80585
630.1977	-2.84148
631.52001	-2.78249
632.84197	-2.31039
634.1636	-2.06566
635.48488	-2.35394
636.80583	-2.75878
638.12644	-2.98973
639.44672	-3.03172
640.76665	-2.96662
642.08625	-2.74972
643.40551	-2.49629
644.72444	-2.37131
646.04302	-2.58517
647.36127	-2.84576
648.67918	-2.95793
649.99676	-2.73334
651.31399	-2.376
652.63089	-1.38287
653.94746	-0.3301
655.26368	0.19068
656.57957	-0.37638
657.89512	-0.77792
659.21034	-0.43056
660.52522	0.37583
661.83976	0.90645
663.15397	0.96345
664.46784	0.33466
665.78138	-0.97726
667.09458	-1.83397
668.40744	-2.1497
669.71997	-2.80859
671.03216	-3.64862
672.34401	-3.08478
673.65553	-1.63669
674.96672	-1.36076
676.27757	-2.13914
677.58808	-2.46079
678.89826	-2.12888
680.2081	-2.56567
681.51761	-3.27456
682.82679	-3.14008
684.13563	-2.00879
685.44413	-1.38522
686.7523	-1.33809
688.06014	-1.13695
689.36764	-0.74755
690.6748	-0.92983
691.98163	-1.80747
693.28813	-2.78189
694.5943	-3.2895
695.90012	-2.78912
697.20562	-1.63587
698.51078	-0.91082
699.81561	-0.86875
701.1201	-1.19933
702.42426	-1.57241
703.72809	-2.59925
705.03159	-3.49885
706.33475	-3.82092
707.63757	-3.04777
708.94007	-2.47363
710.24223	-2.46065
711.54406	-2.88075
712.84555	-2.52952
714.14671	-1.79836
715.44754	-1.79586
716.74804	-2.9623
718.0482	-4.01595
719.34803	-3.89143
720.64753	-3.27009
721.9467	-3.12019
723.24554	-3.50074
724.54404	-3.59249
725.84221	-3.50252
727.14005	-3.60775
728.43756	-3.90048
729.73473	-3.95058
731.03158	-3.69912
732.32809	-3.81107
733.62427	-3.97229
734.92012	-3.88509
736.21564	-3.22307
737.51082	-2.95069
738.80568	-2.71772
740.1002	-2.05793
741.3944	-1.04594
742.68826	-1.10137
743.98179	-2.21277
745.27499	-2.76578
746.56786	-2.11081
747.8604	-1.18409
749.15261	-1.35558
750.44449	-2.36187
751.73604	-3.5927
753.02726	-3.94546
754.31815	-3.48249
755.60871	-2.40295
756.89894	-1.51055
758.18883	-0.92376
759.4784	-0.85728
760.76764	-0.70946
762.05655	-0.25099
763.34513	0.1044
764.63339	-0.63657
765.92131	-2.29955
767.2089	-3.2161
768.49616	-2.4667
769.7831	-0.94438
771.0697	-0.78446
772.35598	-1.78705
773.64193	-2.85192
774.92755	-2.92173
776.21284	-2.96418
777.4978	-2.93842
778.78243	-3.05888
780.06674	-3.05775
781.35072	-3.22797
782.63437	-2.75163
783.91769	-2.00039
785.20068	-1.59298
786.48334	-2.19033
787.76568	-2.75977
789.04769	-2.73606
790.32937	-2.05084
791.61073	-1.7187
792.89175	-2.12446
794.17245	-3.07064
795.45282	-3.83981
796.73287	-3.91266
798.01258	-3.40789
799.29197	-2.8707
800.57104	-2.86858
801.84977	-2.83997
803.12818	-2.58202
804.40627	-2.54996
805.68402	-3.09111
806.96145	-3.49218
808.23856	-3.42888
809.51533	-3.21331
810.79178	-2.87856
812.06791	-2.20522
813.34371	-1.18325
814.61918	-0.41648
815.89432	-0.45292
817.16915	-1.4538
818.44364	-2.67652
819.71781	-3.53222
820.99165	-3.61067
822.26517	-2.87923
823.53836	-1.4424
824.81123	-0.15186
826.08377	0.29771
827.35599	-0.40181
828.62788	-1.91158
829.89945	-3.24853
831.17069	-3.31645
832.4416	-2.09434
833.7122	-1.36228
834.98246	-1.94793
836.25241	-3.08754
837.52202	-3.15977
838.79132	-2.37219
840.06029	-1.69333
841.32893	-1.98559
842.59725	-2.90382
843.86525	-3.28918
845.13292	-2.67708
846.40027	-1.7611
847.6673	-1.88535
848.934	-2.74948
850.20038	-3.50616
851.46643	-3.32411
852.73216	-2.64398
853.99757	-2.23846
855.26265	-2.96842
856.52741	-4.35225
857.79185	-5.01023
859.05596	-4.30131
860.31975	-3.07259
861.58322	-2.55378
862.84637	-2.62412
864.10919	-2.99324
865.37169	-3.45392
866.63387	-4.02041
867.89573	-3.68572
869.15726	-2.73528
870.41847	-2.26081
871.67936	-2.71312
872.93992	-2.88042
874.20017	-1.93903
875.46009	-0.58582
876.71969	0.36242
877.97897	-0.07177
879.23793	-1.37919
880.49656	-2.7445
881.75487	-2.90631
883.01287	-2.71414
884.27054	-2.85462
885.52789	-3.27986
886.78491	-2.96055
888.04162	-2.19109
889.29801	-1.94349
890.55407	-2.2194
891.80982	-2.4368
893.06524	-2.29714
894.32034	-2.22549
895.57512	-1.99279
896.82958	-1.70447
898.08372	-1.45667
899.33754	-1.61387
900.59104	-1.97098
901.84422	-2.52162
903.09708	-2.7577
904.34962	-2.75891
905.60184	-2.68114
906.85374	-2.97316
908.10532	-3.15219
909.35658	-3.29946
910.60752	-3.49228
911.85814	-3.79123
913.10845	-3.46123
914.35843	-2.57972
915.60809	-1.94589
916.85743	-1.9298
918.10646	-1.96706
919.35516	-2.00158
920.60355	-2.62538
921.85162	-3.22473
923.09937	-2.82405
924.3468	-1.63853
925.59391	-0.87811
926.8407	-0.67032
928.08717	-0.6795
929.33333	-0.92185
930.57917	-1.45926
931.82469	-2.00822
933.06989	-2.0637
934.31477	-1.93414
935.55933	-1.97426
936.80358	-2.51016
938.04751	-3.07405
939.29112	-3.17005
940.53441	-2.52653
941.77739	-1.78359
943.02005	-1.53372
944.26239	-1.76471
945.50441	-1.99698
946.74612	-1.90614
947.98751	-1.05652
949.22858	-0.0283
950.46934	0.14902
951.70977	-0.39967
952.9499	-0.34346
954.1897	0.23944
955.42919	0.58905
956.66836	0.95855
957.90721	1.7168
959.14575	1.60861
960.38397	-0.02525
961.62188	-1.79392
962.85947	-2.02271
964.09674	-1.29872
965.3337	-1.03523
966.57034	-1.43744
967.80666	-1.56216
969.04267	-1.14774
970.27837	-0.73449
971.51375	-0.81696
972.74881	-1.32198
973.98356	-1.61048
975.21799	-0.99153
976.4521	0.15303
977.6859	0.60439
978.91939	-0.08218
980.15256	-0.75727
981.38542	-0.88669
982.61796	-0.54382
983.85018	0.09334
985.0821	1.44719
986.31369	2.46008
987.54497	2.12577
988.77594	0.9041
990.0066	0.13634
991.23693	-0.30868
992.46696	-1.17154
993.69667	-1.84908
994.92606	-1.73493
996.15515	-1.17624
997.38392	-0.98264
998.61237	-1.10128
999.84051	-1.42367
1001.06834	-1.33704
1002.29585	-0.89041
1003.52305	-0.80038
1004.74994	-1.91227
1005.97651	-3.07608
1007.20277	-3.2664
1008.42872	-2.41473
1009.65435	-1.41376
1010.87967	-0.73576
1012.10468	-0.7285
1013.32937	-1.18106
1014.55375	-1.40109
1015.77782	-0.79152
1017.00158	-0.06755
1018.22502	-0.58719
1019.44815	-2.9542
1020.67097	-4.77965
1021.89347	-4.50331
1023.11567	-2.82361
1024.33755	-2.03575
1025.55912	-1.99785
1026.78038	-1.54785
1028.00132	-0.57326
1029.22196	0.11129
1030.44228	-0.09617
1031.66229	-0.28846
1032.88199	-0.04341
1034.10137	0.4367
1035.32045	0.43835
1036.53921	-0.40375
1037.75767	-1.40797
1038.97581	-1.65265
1040.19364	-0.09437
1041.41116	1.40093
1042.62836	1.68498
1043.84526	0.80145
1045.06185	0.84631
1046.27812	1.23163
1047.49409	1.74237
1048.70974	1.83936
1049.92509	1.67343
1051.14012	0.66352
1052.35484	0.15344
1053.56926	0.6474
1054.78336	1.43575
1055.99715	1.33616
1057.21063	0.7875
1058.42381	0.05385
1059.63667	-0.34274
1060.84922	-0.24987
1062.06147	0.56376
1063.2734	1.29541
1064.48502	1.71847
1065.69634	1.16001
1066.90734	0.43695
1068.11804	0.26809
1069.32842	0.80702
1070.5385	0.74619
1071.74827	-0.01696
1072.95773	-0.94853
1074.16688	-1.47437
1075.37572	-1.19387
1076.58425	-0.28405
1077.79247	0.42153
1079.00039	0.43805
1080.20799	0.4458
1081.41529	0.55278
1082.62228	0.20562
1083.82896	-0.72158
1085.03534	-1.38409
1086.2414	-1.47571
1087.44716	-1.49337
1088.65261	-1.81958
1089.85775	-1.83088
1091.06258	-1.17623
1092.2671	-0.671
1093.47132	-1.01848
1094.67523	-1.40412
1095.87883	-0.68703
1097.08213	0.27312
1098.28511	0.26271
1099.48779	-0.79997
1100.69017	-1.51222
1101.89223	-1.59003
1103.09399	-1.08747
1104.29544	-0.38741
1105.49659	0.48532
1106.69742	0.86503
1107.89795	0.63189
1109.09818	0.26008
1110.2981	0.13244
1111.49771	-0.02587
1112.69701	-0.33932
1113.89601	-0.67815
1115.0947	-1.07086
1116.29309	-1.79083
1117.49117	-2.37418
1118.68894	-2.52639
1119.88641	-1.85607
1121.08357	-1.00252
1122.28042	-0.16809
1123.47697	0.10845
1124.67322	0.38822
1125.86915	0.67913
1127.06479	0.79705
1128.26011	-0.00625
1129.45514	-1.19671
1130.64985	-1.56418
1131.84426	-0.78769
1133.03837	0.33298
1134.23217	0.45914
1135.42567	-0.3112
1136.61886	-1.12921
1137.81175	-0.51614
1139.00433	0.82148
1140.1966	1.80166
1141.38858	1.45277
1142.58024	0.38518
1143.77161	-0.8282
1144.96267	-1.21322
1146.15342	-0.93413
1147.34387	-0.5447
1148.53402	-0.22053
1149.72386	0.56
1150.9134	1.55957
1152.10263	1.86147
1153.29156	1.15401
1154.48019	0.21111
1155.66851	-0.11934
1156.85653	0.16087
1158.04424	0.28053
1159.23166	-0.01839
1160.41877	-0.72448
1161.60557	-1.04772
1162.79207	-0.81845
1163.97827	-0.04615
1165.16417	0.1418
1166.34976	-0.29213
1167.53505	-0.8748
1168.72004	-0.38171
1169.90472	0.91302
1171.0891	1.85408
1172.27318	1.47049
1173.45696	0.52476
1174.64043	0.01491
1175.8236	-0.11265
1177.00647	-0.59963
1178.18904	-1.24733
1179.3713	-1.4263
1180.55326	-0.95061
1181.73492	-0.4283
1182.91628	0.22786
1184.09734	1.14404
1185.27809	2.20676
1186.45854	2.86764
1187.6387	2.80765
1188.81855	1.9437
1189.99809	1.12878
1191.17734	1.27075
1192.35628	2.02057
1193.53493	1.88898
1194.71327	0.64196
1195.89131	-0.89316
1197.06905	-1.03555
1198.24649	0.55962
1199.42363	2.8966
1200.60047	3.92621
1201.77701	3.50068
1202.95324	2.81772
1204.12918	2.83028
1205.30481	3.1384
1206.48015	2.84616
1207.65518	2.09007
1208.82992	1.79277
1210.00435	2.60656
1211.17848	3.60181
1212.35232	3.97952
1213.52585	3.70648
1214.69908	3.40412
1215.87202	2.61873
1217.04465	1.41176
1218.21698	0.5209
1219.38902	1.24138
1220.56075	2.64227
1221.73219	3.66356
1222.90332	3.59528
1224.07416	3.29503
1225.2447	3.24724
1226.41494	3.8786
1227.58487	4.25071
1228.75451	3.75111
1229.92385	2.70003
1231.0929	1.87907
1232.26164	1.18316
1233.43008	0.83321
1234.59823	1.0528
1235.76608	1.5748
1236.93363	1.81846
1238.10088	2.19159
1239.26783	2.64799
1240.43448	2.71575
1241.60084	2.33457
1242.76689	2.36783
1243.93265	2.93933
1245.09811	3.3398
1246.26327	2.98564
1247.42814	2.33501
1248.59271	2.09522
1249.75698	2.66134
1250.92095	3.24728
1252.08462	3.06238
1253.248	2.19521
1254.41108	1.92296
1255.57386	2.33958
1256.73634	2.28862
1257.89853	1.22077
1259.06042	0.28219
1260.22202	0.60042
1261.38331	1.38383
1262.54431	1.92897
1263.70501	2.17455
1264.86542	2.99321
1266.02553	4.20742
1267.18534	5.6888
1268.34486	6.46052
1269.50408	6.33092
1270.663	5.72288
1271.82162	5.26458
1272.97995	4.74842
1274.13799	4.3479
1275.29573	4.79351
1276.45317	5.64487
1277.61032	5.83275
1278.76717	5.12145
1279.92372	4.53701
1281.07998	4.47297
1282.23594	4.62855
1283.39161	4.82747
1284.54698	4.99728
1285.70206	4.88286
1286.85684	4.13601
1288.01132	3.69579
1289.16551	4.18151
1290.31941	5.35734
1291.47301	5.88531
1292.62631	6.15988
1293.77932	6.9348
1294.93204	8.58074
1296.08446	9.66193
1297.23658	9.96202
1298.38841	9.74788
1299.53995	9.51946
1300.69119	8.59352
1301.84214	7.66458
1302.99279	7.54316
1304.14315	8.52624
1305.29322	9.52207
1306.44299	10.32886
1307.59246	10.5822
1308.74165	10.28196
1309.89053	9.37921
1311.03913	8.73994
1312.18743	8.36734
1313.33544	8.46719
1314.48315	8.79786
1315.63057	9.30576
1316.77769	9.28696
1317.92453	9.07604
1319.07107	9.16541
1320.21731	9.72729
1321.36327	9.75248
1322.50893	8.72012
1323.65429	7.24257
1324.79937	6.71659
1325.94415	7.56004
1327.08863	8.93299
1328.23283	9.43399
1329.37673	9.14935
1330.52034	9.21495
1331.66366	10.41644
1332.80668	10.99457
1333.94941	9.62189
1335.09185	7.22837
1336.234	6.49314
1337.37586	7.60265
1338.51742	8.78478
1339.65869	8.61502
1340.79967	7.97063
1341.94036	8.02238
1343.08075	8.23019
1344.22086	7.31842
1345.36067	6.04345
1346.50019	6.05094
1347.63942	6.81911
1348.77835	6.60246
1349.917	5.48789
1351.05535	4.60789
1352.19341	4.34997
1353.33119	4.8522
1354.46867	5.68135
1355.60586	5.57903
1356.74275	3.99097
1357.87936	2.67137
1359.01568	2.67481
1360.1517	3.64122
1361.28744	4.5787
1362.42288	5.41385
1363.55804	5.60789
1364.6929	5.27301
1365.82747	4.51996
1366.96176	3.96878
1368.09575	3.79966
1369.22945	4.27862
1370.36286	5.4074
1371.49598	6.49391
1372.62881	6.29889
1373.76136	4.33435
1374.89361	3.19108
1376.02557	4.30269
1377.15724	6.26632
1378.28862	6.59563
1379.41972	6.17525
1380.55052	6.01907
1381.68103	6.06715
1382.81126	5.79656
1383.94119	5.51712
1385.07084	5.22657
1386.2002	5.15713
1387.32926	5.51819
1388.45804	5.74756
1389.58653	5.1343
1390.71473	4.54747
1391.84265	4.8795
1392.97027	5.68813
1394.0976	5.83246
1395.22465	5.41809
1396.35141	4.87089
1397.47787	4.43406
1398.60405	4.02625
1399.72995	3.96636
1400.85555	4.38006
1401.98087	5.09172
1403.10589	5.31434
1404.23063	5.27115
1405.35508	5.82188
1406.47925	6.95056
1407.60312	6.56286
1408.72671	4.10301
1409.85001	2.27156
1410.97302	3.70304
1412.09575	6.37226
1413.21819	6.76066
1414.34034	4.61803
1415.4622	3.23735
1416.58377	4.27511
1417.70506	6.91279
1418.82606	8.80167
1419.94678	8.76686
1421.0672	7.54785
1422.18734	6.97402
1423.30719	7.5558
1424.42676	8.3523
1425.54604	8.92631
1426.66503	8.90171
1427.78374	8.00145
1428.90216	7.14816
1430.02029	7.35838
1431.13814	7.69152
1432.2557	6.45616
1433.37297	5.13948
1434.48996	5.19096
1435.60666	6.20503
1436.72308	6.44964
1437.83921	6.7588
1438.95505	7.12052
1440.07061	7.03406
1441.18588	6.38622
1442.30087	6.80027
1443.41557	7.66859
1444.52998	7.19589
1445.64411	5.67251
1446.75796	5.18709
1447.87152	5.94576
1448.98479	5.8386
1450.09778	5.28879
1451.21048	5.60302
1452.3229	6.8445
1453.43503	6.80488
1454.54688	5.9869
1455.65844	5.76169
1456.76972	6.78561
1457.88071	8.02183
1458.99142	8.45487
1460.10185	8.61232
1461.21199	9.44315
1462.32184	12.07547
1463.43141	13.83209
1464.5407	13.71913
1465.6497	11.488
1466.75842	10.06933
1467.86685	9.98059
1468.975	11.94915
1470.08287	13.50642
1471.19045	13.46721
1472.29775	12.20398
1473.40476	11.59093
1474.51149	11.77072
1475.61794	11.95043
1476.7241	12.38541
1477.82998	13.19272
1478.93558	14.28478
1480.04089	14.53448
1481.14592	14.10543
1482.25067	13.39566
1483.35513	13.66758
1484.45931	14.75497
1485.56321	15.88031
1486.66682	15.99194
1487.77015	15.55731
1488.8732	14.75909
1489.97596	13.90898
1491.07845	13.84772
1492.18065	15.05938
1493.28256	16.086
1494.3842	15.91099
1495.48555	15.98655
1496.58662	17.51703
1497.68741	19.33218
1498.78791	20.11336
1499.88813	20.08167
1500.98808	19.91267
1502.08773	19.44177
1503.18711	19.04235
1504.28621	18.81217
1505.38502	18.90417
1506.48355	19.39738
1507.5818	20.48546
1508.67977	21.57699
1509.77746	22.35543
1510.87486	22.85427
1511.97198	22.82112
1513.06883	22.64284
1514.16539	23.33429
1515.26167	25.10365
1516.35766	26.44095
1517.45338	27.16194
1518.54882	27.83638
1519.64397	29.17206
1520.73885	30.32556
1521.83344	31.13126
1522.92775	31.3645
1524.02179	31.72253
1525.11554	31.89486
1526.20901	31.57468
1527.3022	30.80392
1528.39511	30.56076
1529.48774	30.50919
1530.58009	29.88042
1531.67216	29.26999
1532.76394	29.99813
1533.85545	31.8504
1534.94668	33.34896
1536.03763	34.0989
1537.1283	34.19828
1538.21869	33.93392
1539.3088	33.57924
1540.39863	33.92338
1541.48818	34.98244
1542.57745	36.58066
1543.66644	38.31769
1544.75515	39.73871
1545.84358	40.24525
1546.93173	40.26174
1548.0196	40.47502
1549.1072	41.41451
1550.19451	42.88179
1551.28155	44.16511
1552.36831	44.64104
1553.45478	44.58521
1554.54098	44.87528
1555.6269	45.33347
1556.71254	45.92556
1557.79791	46.45024
1558.88299	46.90641
1559.9678	46.61652
1561.05232	46.32048
1562.13657	46.42358
1563.22054	46.81635
1564.30424	46.81207
1565.38765	46.73187
1566.47079	46.59279
1567.55364	45.59319
1568.63622	43.13029
1569.71853	39.48337
1570.80055	35.14489
1571.8823	29.87778
1572.96376	23.30904
1574.04495	15.20956
1575.12587	5.44022
1576.2065	-6.04055
1577.28686	-19.84468
1578.36694	-36.31794
1579.44675	-54.1047
1580.52627	-70.08946
1581.60552	-81.93165
1582.68449	-87.70596
1583.76319	-84.12089
1584.8416	-69.34624
1585.91975	-47.75982
1586.99761	-28.19047
1588.0752	-16.0225
1589.15251	-10.63039
1590.22954	-8.8894
1591.3063	-8.79811
1592.38278	-8.87199
1593.45898	-8.78896
1594.53491	-9.00782
1595.61056	-10.45181
1596.68593	-12.10165
1597.76103	-12.4845
1598.83585	-10.38781
1599.9104	-7.64841
1600.98467	-6.11599
1602.05866	-6.25372
1603.13238	-6.24884
1604.20582	-5.51776
1605.27899	-4.26177
1606.35188	-3.37833
1607.4245	-3.27976
1608.49684	-3.83951
1609.5689	-4.28278
1610.64069	-3.94935
1611.7122	-2.79995
1612.78344	-1.50217
1613.8544	-0.87658
1614.92509	-0.86123
1615.9955	-0.9986
1617.06564	-1.21223
1618.1355	-1.53869
1619.20509	-1.6258
1620.2744	-1.35784
1621.34344	-0.93592
1622.4122	-0.61355
1623.48069	-0.7763
1624.5489	-1.27747
1625.61684	-1.66582
1626.6845	-1.51433
1627.75189	-1.46265
1628.81901	-1.53524
1629.88585	-1.7406
1630.95241	-1.43744
1632.01871	-1.07998
1633.08473	-0.74219
1634.15047	-0.82161
1635.21594	-0.40634
1636.28114	0.31839
1637.34606	0.6955
1638.41071	-0.26276
1639.47508	-1.46114
1640.53918	-1.81642
1641.60301	-1.33218
1642.66657	-1.12081
1643.72985	-1.10518
1644.79285	-0.94334
1645.85559	-0.82314
1646.91805	-1.3453
1647.98024	-1.88245
1649.04215	-1.46423
1650.10379	0.10802
1651.16516	1.52329
1652.22625	1.36839
1653.28708	0.10873
1654.34763	-0.51541
1655.4079	0.24534
1656.46791	0.96738
1657.52764	0.77778
1658.5871	0.14312
1659.64628	-0.15549
1660.7052	-0.37898
1661.76384	-0.65818
1662.82221	-0.39557
1663.8803	0.56898
1664.93813	1.20353
1665.99568	0.63598
1667.05296	-0.81692
1668.10997	-1.69721
1669.1667	-1.37627
1670.22317	0.07921
1671.27936	1.03734
1672.33528	0.82124
1673.39093	-0.26906
1674.44631	-0.58066
1675.50141	0.03631
1676.55625	0.8631
1677.61081	1.05539
1678.6651	0.86605
1679.71912	0.95155
1680.77287	1.52508
1681.82635	1.99645
1682.87955	1.67466
1683.93249	0.80199
1684.98515	0.24808
1686.03754	0.52158
1687.08967	1.50329
1688.14152	2.64638
1689.1931	3.38427
1690.24441	3.08928
1691.29545	2.06842
1692.34622	1.31041
1693.39671	1.81506
1694.44694	3.3008
1695.4969	4.79984
1696.54659	4.99697
1697.596	3.7464
1698.64515	2.22136
1699.69403	2.17583
1700.74263	3.29321
1701.79097	4.18431
1702.83904	4.00204
1703.88683	3.6654
1704.93436	3.59832
1705.98162	3.64652
1707.0286	3.42852
1708.07532	3.35568
1709.12177	3.85053
1710.16795	5.04661
1711.21385	5.92912
1712.25949	5.55443
1713.30486	4.50383
1714.34997	4.01191
1715.3948	4.00586
1716.43936	3.82135
1717.48365	4.1043
1718.52768	4.96422
1719.57143	5.29036
1720.61492	4.0503
1721.65814	2.18576
1722.70108	1.30518
1723.74377	1.85232
1724.78618	2.86043
1725.82832	3.32718
1726.87019	3.59947
1727.9118	3.9957
1728.95314	4.36558
1729.99421	4.50063
1731.03501	4.53947
1732.07554	4.33044
1733.1158	3.6956
1734.1558	2.92877
1735.19553	2.32105
1736.23499	2.20941
1737.27418	2.57254
1738.3131	3.52975
1739.35176	4.20718
1740.39015	3.82795
1741.42827	1.65116
1742.46613	-0.27081
1743.50371	-0.42258
1744.54103	1.52799
1745.57808	3.21019
1746.61486	3.92012
1747.65138	3.37145
1748.68763	2.47548
1749.72361	1.82458
1750.75933	1.94722
1751.79477	2.35104
1752.82996	2.36392
1753.86487	1.93531
1754.89952	1.38838
1755.9339	1.38973
1756.96801	2.13186
1758.00186	2.95768
1759.03544	2.96446
1760.06875	2.28073
1761.1018	1.41425
1762.13458	0.70676
1763.16709	0.5031
1764.19934	1.38878
1765.23132	2.18842
1766.26304	1.60689
1767.29449	-0.11876
1768.32567	-0.93631
1769.35659	-0.28217
1770.38724	1.29843
1771.41762	2.70597
1772.44774	3.13283
1773.47759	2.53351
1774.50718	1.84806
1775.5365	1.79304
1776.56556	1.81874
1777.59435	1.1759
1778.62288	-0.02454
1779.65114	-0.73078
1780.67913	-0.13818
1781.70686	0.85311
1782.73432	1.28016
1783.76152	1.20542
1784.78846	1.60164
1785.81513	1.94295
1786.84153	1.68211
1787.86767	1.07904
1788.89354	1.11103
1789.91915	1.66109
1790.9445	1.88174
1791.96957	1.47862
1792.99439	0.86211
1794.01894	0.41183
1795.04323	-0.12459
1796.06725	-0.7495
1797.091	-1.39711
1798.1145	-1.59851
1799.13773	-1.19301
1800.16069	-0.377
1801.18339	-0.06752
1802.20582	-0.14788
1803.228	-0.07916
1804.2499	0.28871
1805.27155	0.24243
1806.29293	-0.37557
1807.31404	-0.97331
1808.3349	-1.02925
1809.35549	-0.64378
1810.37581	-0.63062
1811.39587	-0.8923
1812.41567	-1.16874
1813.4352	-1.27379
1814.45448	-1.67981
1815.47348	-1.84323
1816.49223	-1.66644
1817.51071	-1.291
1818.52893	-1.41269
1819.54688	-1.78333
1820.56458	-2.16914
1821.582	-2.19577
1822.59917	-2.14834
1823.61607	-2.01082
1824.63271	-1.71086
1825.64909	-1.41579
1826.66521	-1.59105
1827.68106	-1.96001
1828.69665	-2.2298
1829.71198	-2.5993
1830.72704	-2.99396
1831.74184	-2.43994
1832.75639	-1.2266
1833.77066	-0.42968
1834.78468	-0.61404
1835.79843	-1.01771
1836.81192	-1.66793
1837.82515	-2.35798
1838.83812	-3.06447
1839.85083	-3.10256
1840.86327	-2.58921
1841.87545	-1.7612
1842.88737	-2.07376
1843.89903	-3.40789
1844.91043	-4.50143
1845.92156	-4.20432
1846.93244	-3.61897
1847.94305	-3.45314
1848.9534	-3.49394
1849.96349	-3.28116
1850.97332	-3.37496
1851.98289	-3.54028
1852.99219	-3.55967
1854.00124	-3.34744
1855.01002	-3.65531
1856.01855	-3.85046
1857.02681	-3.77961
1858.03481	-3.63285
1859.04255	-4.02747
1860.05003	-4.02032
1861.05725	-3.26406
1862.06421	-2.89124
1863.07091	-3.8697
1864.07734	-5.1364
1865.08352	-5.20093
1866.08944	-4.54812
1867.09509	-4.03405
1868.10049	-3.75956
1869.10563	-3.42529
1870.1105	-3.15183
1871.11512	-3.01026
1872.11947	-2.95302
1873.12357	-3.21834
1874.1274	-3.56991
1875.13098	-3.87049
1876.1343	-3.84025
1877.13735	-3.34592
1878.14015	-2.34779
1879.14269	-1.66674
1880.14496	-2.30464
1881.14698	-3.92564
1882.14874	-5.32868
1883.15024	-5.3809
1884.15148	-4.51112
1885.15246	-3.51163
1886.15318	-3.02691
1887.15364	-3.14795
1888.15385	-3.83295
1889.15379	-4.05961
1890.15347	-2.88432
1891.1529	-1.33351
1892.15207	-1.17998
1893.15097	-2.19902
1894.14962	-2.91451
1895.14802	-3.35815
1896.14615	-4.056
1897.14402	-4.44359
1898.14164	-3.78393
1899.13899	-2.89801
1900.13609	-2.40786
1901.13293	-2.05999
1902.12951	-1.41231
1903.12583	-1.11455
1904.1219	-1.14076
1905.11771	-1.07678
1906.11326	-0.31874
1907.10855	0.60439
1908.10358	1.39811
1909.09835	1.72598
1910.09287	1.99815
1911.08713	2.32565
1912.08113	2.58944
1913.07488	2.51725
1914.06836	2.20162
1915.06159	1.82453
1916.05456	1.29814
1917.04728	1.272
1918.03973	2.02229
1919.03193	2.9054
1920.02387	2.93592
1921.01556	2.35081
1922.00699	2.01897
1922.99816	2.37461
1923.98907	3.53288
1924.97973	4.30739
1925.97012	3.69089
1926.96027	1.92953
1927.95015	0.8798
1928.93978	1.03192
1929.92915	1.78507
1930.91827	2.43541
1931.90713	3.10318
1932.89573	3.42237
1933.88408	2.90201
1934.87217	1.35881
1935.86	-0.01105
1936.84758	-0.42997
1937.8349	0.27627
1938.82196	1.15838
1939.80877	1.85489
1940.79532	1.90028
1941.78162	1.59712
1942.76766	1.04603
1943.75344	0.8719
1944.73897	1.12501
1945.72424	1.47422
1946.70926	0.68864
1947.69402	-0.80056
1948.67853	-1.6395
1949.66278	-0.89342
1950.64677	-0.05814
1951.63051	-0.31756
1952.614	-1.43004
1953.59722	-1.85616
1954.5802	-1.57046
1955.56291	-1.68502
1956.54538	-2.65526
1957.52759	-3.30335
1958.50954	-3.15345
1959.49123	-2.51854
1960.47268	-2.02232
1961.45387	-1.84445
1962.4348	-2.43378
1963.41548	-3.27742
1964.3959	-3.87121
1965.37607	-3.88607
1966.35598	-3.68864
1967.33564	-3.60103
1968.31505	-4.12565
1969.2942	-4.90388
1970.27309	-5.35377
1971.25173	-4.94408
1972.23012	-4.41337
1973.20826	-4.38744
1974.18613	-5.29678
1975.16376	-5.99031
1976.14113	-5.69135
1977.11825	-4.87563
1978.09511	-5.02458
1979.07172	-6.14758
1980.04807	-6.36506
1981.02418	-5.80267
1982.00002	-5.57529
1982.97562	-6.39293
1983.95096	-6.33444
1984.92604	-6.1415
1985.90088	-6.64574
1986.87546	-7.83703
1987.84978	-7.94829
1988.82386	-7.1644
1989.79768	-6.28568
1990.77124	-5.66568
1991.74456	-5.73235
1992.71762	-6.16541
1993.69043	-6.6361
1994.66298	-6.54598
1995.63528	-6.7465
1996.60733	-7.06814
1997.57913	-7.62681
1998.55067	-7.68426
1999.52196	-7.59524
2000.493	-7.15483
2001.46378	-7.2637
2002.43431	-7.32003
2003.40459	-7.49269
2004.37462	-7.54038
2005.3444	-8.15436
2006.31392	-8.58276
2007.28319	-8.66412
2008.25221	-8.39634
2009.22097	-8.10162
2010.18949	-7.96439
2011.15775	-8.15973
2012.12576	-8.51588
2013.09352	-8.46596
2014.06102	-8.75222
2015.02828	-9.73214
2015.99528	-10.31758
2016.96203	-9.17358
2017.92853	-7.73534
2018.89477	-7.91532
2019.86077	-9.30512
2020.82651	-9.77192
2021.79201	-9.17268
2022.75725	-8.6664
2023.72224	-8.39208
2024.68698	-8.02742
2025.65146	-8.46341
2026.6157	-10.02923
2027.57968	-10.78281
2028.54342	-9.93389
2029.5069	-8.76668
2030.47013	-8.76088
2031.43311	-9.59166
2032.39584	-10.90514
2033.35832	-12.15338
2034.32055	-12.46107
2035.28253	-11.44431
2036.24426	-10.08664
2037.20573	-9.65089
2038.16696	-10.15523
2039.12794	-10.68823
2040.08866	-10.7332
2041.04914	-10.59697
2042.00936	-10.78578
2042.96933	-11.33971
2043.92906	-11.52198
2044.88853	-10.61131
2045.84776	-9.1712
2046.80673	-8.67116
2047.76545	-9.41423
2048.72393	-10.21569
2049.68215	-10.46974
2050.64013	-10.40487
2051.59785	-10.21898
2052.55532	-9.71239
2053.51255	-9.45584
2054.46952	-9.84672
2055.42625	-10.43977
2056.38273	-10.58382
2057.33895	-10.45288
2058.29493	-10.12079
2059.25066	-9.53292
2060.20614	-9.03988
2061.16137	-9.69508
2062.11635	-10.72263
2063.07108	-11.12566
2064.02556	-10.08446
2064.97979	-9.23973
2065.93378	-9.1529
2066.88751	-10.45262
2067.841	-11.60686
2068.79424	-12.0151
2069.74722	-11.06702
2070.69996	-9.9552
2071.65246	-9.48228
2072.6047	-10.07648
2073.55669	-11.22107
2074.50844	-12.06783
2075.45994	-12.32594
2076.41119	-12.17348
2077.36219	-12.0349
2078.31294	-11.60404
2079.26344	-10.82514
2080.2137	-10.37719
2081.16371	-11.00728
2082.11347	-12.24015
2083.06298	-12.94617
2084.01224	-12.67074
2084.96126	-11.98764
2085.91003	-11.59227
2086.85855	-11.70404
2087.80682	-12.01653
2088.75484	-12.33443
2089.70262	-12.66449
2090.65015	-13.03675
2091.59743	-13.06942
2092.54447	-12.67886
2093.49125	-11.91202
2094.43779	-11.21224
2095.38409	-10.55357
2096.33013	-10.67998
2097.27593	-11.52855
2098.22148	-12.4854
2099.16678	-12.24718
2100.11184	-11.70849
2101.05665	-11.10902
2102.00121	-11.26957
2102.94553	-12.2973
2103.8896	-14.883
2104.83342	-16.00756
2105.77699	-14.73423
2106.72032	-12.10823
2107.66341	-11.16171
2108.60624	-11.59782
2109.54883	-12.50704
2110.49117	-12.47318
2111.43327	-11.46935
2112.37512	-10.80552
2113.31672	-11.36667
2114.25808	-12.66742
2115.19919	-13.25427
2116.14005	-13.26639
2117.08067	-12.65825
2118.02105	-12.04831
2118.96117	-11.73601
2119.90105	-12.51106
2120.84069	-13.64333
2121.78008	-13.8545
2122.71922	-12.64825
2123.65812	-11.60925
2124.59677	-12.36846
2125.53518	-13.73983
2126.47334	-13.80486
2127.41125	-12.41726
2128.34892	-11.50355
2129.28635	-11.61809
2130.22352	-12.08889
2131.16046	-12.17501
2132.09715	-11.87281
2133.03359	-11.44346
2133.96979	-11.00332
2134.90574	-10.95004
2135.84145	-11.63753
2136.77691	-12.87219
2137.71213	-13.99739
2138.6471	-14.66758
2139.58183	-15.38309
2140.51631	-15.4011
2141.45055	-14.21279
2142.38454	-12.48485
2143.31829	-12.36609
2144.2518	-13.61905
2145.18506	-14.56217
2146.11807	-13.89962
2147.05084	-12.48872
2147.98337	-11.80509
2148.91565	-12.74228
2149.84769	-14.28516
2150.77948	-14.87856
2151.71103	-14.17214
2152.64234	-13.42629
2153.5734	-12.99875
2154.50422	-12.53302
2155.43479	-11.97612
2156.36512	-12.1778
2157.2952	-13.0523
2158.22505	-13.48214
2159.15464	-13.07392
2160.084	-12.8732
2161.01311	-13.86466
2161.94198	-14.85335
2162.8706	-14.64221
2163.79898	-13.34627
2164.72712	-12.58015
2165.65501	-12.88793
2166.58266	-13.76179
2167.51007	-14.15973
2168.43723	-13.49375
2169.36415	-12.9457
2170.29083	-13.80085
2171.21726	-16.39157
2172.14345	-17.64122
2173.0694	-16.56083
2173.9951	-14.15858
2174.92056	-13.37005
2175.84578	-13.89549
2176.77076	-14.969
2177.69549	-15.30596
2178.61998	-15.02268
2179.54423	-14.23796
2180.46824	-13.61799
2181.392	-13.57619
2182.31552	-14.1782
2183.2388	-14.4469
2184.16183	-13.71508
2185.08463	-12.73855
2186.00718	-12.8151
2186.92949	-13.50978
2187.85156	-13.75915
2188.77338	-13.4637
2189.69496	-13.57054
2190.6163	-14.06975
2191.5374	-14.41915
2192.45826	-14.08495
2193.37887	-13.38158
2194.29925	-12.55004
2195.21938	-12.01432
2196.13927	-12.2306
2197.05891	-13.08904
2197.97832	-13.81722
2198.89748	-14.03933
2199.81641	-14.48481
2200.73509	-14.87119
2201.65353	-14.60611
2202.57173	-13.88206
2203.48969	-13.79131
2204.4074	-14.24021
2205.32488	-14.66415
2206.24211	-14.68774
2207.1591	-14.25191
2208.07586	-13.87481
2208.99237	-13.84181
2209.90864	-14.08907
2210.82467	-13.98376
2211.74045	-14.05204
2212.656	-14.21225
2213.57131	-14.39344
2214.48637	-13.86379
2215.4012	-13.3254
2216.31578	-13.55455
2217.23013	-15.01375
2218.14423	-16.33898
2219.05809	-16.55756
2219.97171	-15.76129
2220.8851	-14.69093
2221.79824	-13.73548
2222.71114	-13.54922
2223.6238	-14.45607
2224.53622	-15.65896
2225.4484	-15.86461
2226.36034	-15.20074
2227.27205	-14.88329
2228.18351	-15.40649
2229.09473	-16.04736
2230.00571	-16.23579
2230.91645	-15.90955
2231.82695	-15.02763
2232.73721	-13.98684
2233.64724	-14.02881
2234.55702	-15.66492
2235.46656	-17.44724
2236.37587	-17.34705
2237.28493	-15.56969
2238.19376	-14.11163
2239.10234	-14.38462
2240.01069	-15.55948
2240.91879	-16.12069
2241.82666	-15.44934
2242.73429	-14.69686
2243.64168	-14.78241
2244.54883	-15.31047
2245.45574	-15.22907
2246.36241	-14.6758
2247.26885	-14.21904
2248.17504	-14.24347
2249.081	-14.91997
2249.98672	-16.13667
2250.89219	-17.04424
2251.79743	-17.14147
2252.70243	-16.77951
2253.6072	-16.61986
2254.51172	-16.48195
2255.41601	-16.13588
2256.32005	-15.68802
2257.22386	-15.86428
2258.12743	-16.82299
2259.03076	-18.11359
2259.93386	-18.70314
2260.83671	-18.08759
2261.73933	-16.93021
2262.64171	-16.47597
2263.54385	-17.06325
2264.44576	-17.76839
2265.34742	-17.95335
2266.24885	-17.62505
2267.15004	-16.99208
2268.05099	-16.38727
2268.95171	-16.2001
2269.85218	-16.62723
2270.75242	-17.18923
2271.65242	-17.76421
2272.55219	-17.84516
2273.45172	-17.27063
2274.351	-16.38033
2275.25006	-16.39951
2276.14887	-17.07813
2277.04745	-17.40691
2277.94579	-17.01489
2278.84389	-16.61243
2279.74176	-16.45009
2280.63938	-16.42321
2281.53678	-16.821
2282.43393	-17.46028
2283.33085	-17.81841
2284.22753	-17.60795
2285.12397	-17.35945
2286.02018	-17.11393
2286.91615	-16.61235
2287.81188	-16.1907
2288.70738	-16.26749
2289.60264	-16.72541
2290.49766	-17.10623
2291.39245	-17.70052
2292.287	-18.31943
2293.18132	-18.3255
2294.07539	-17.69731
2294.96924	-17.25907
2295.86284	-17.30932
2296.75621	-17.11522
2297.64934	-16.46815
2298.54224	-15.55274
2299.4349	-14.89297
2300.32733	-14.74387
2301.21951	-15.42612
2302.11147	-16.65784
2303.00318	-17.78172
2303.89467	-18.17984
2304.78591	-17.72513
2305.67692	-17.12073
2306.56769	-16.73522
2307.45823	-16.54491
2308.34854	-16.58417
2309.2386	-17.2767
2310.12843	-18.05085
2311.01803	-17.89204
2311.90739	-17.09881
2312.79652	-16.70447
2313.68541	-17.32093
2314.57406	-18.22526
2315.46248	-18.55762
2316.35067	-17.74389
2317.23862	-16.79529
2318.12633	-16.5404
2319.01381	-16.57073
2319.90105	-16.29433
2320.78806	-16.38408
2321.67484	-17.36089
2322.56138	-18.22285
2323.44768	-17.98018
2324.33375	-16.93343
2325.21959	-16.36124
2326.10519	-16.84143
2326.99056	-17.65322
2327.87569	-17.77067
2328.76059	-17.36006
2329.64525	-17.08072
2330.52968	-16.93828
2331.41387	-16.68508
2332.29783	-16.73835
2333.18156	-17.20734
2334.06505	-17.33209
2334.94831	-16.79341
2335.83133	-16.49504
2336.71412	-17.20947
2337.59668	-18.30583
2338.479	-18.62237
2339.36109	-18.08854
2340.24294	-17.56461
2341.12456	-17.5107
2342.00595	-17.4325
2342.8871	-17.26269
2343.76802	-17.12804
2344.6487	-17.17511
2345.52915	-17.10952
2346.40937	-17.31392
2347.28936	-17.75025
2348.16911	-18.42795
2349.04862	-18.72569
2349.92791	-18.69247
2350.80696	-18.35224
2351.68578	-18.27106
2352.56436	-18.41829
2353.44271	-18.99386
2354.32083	-19.27846
2355.19872	-19.09522
2356.07637	-18.68432
2356.95379	-18.96017
2357.83097	-19.20413
2358.70793	-18.8913
2359.58465	-18.19007
2360.46114	-18.07972
2361.33739	-18.55391
2362.21341	-19.12388
2363.0892	-18.97723
2363.96476	-18.13209
2364.84008	-17.44777
2365.71518	-17.69791
2366.59004	-18.3047
2367.46466	-18.46971
2368.33906	-17.98347
2369.21322	-17.56065
2370.08715	-17.4763
2370.96085	-17.55185
2371.83432	-16.93752
2372.70755	-16.34907
2373.58055	-16.53797
2374.45332	-17.91403
2375.32586	-18.79238
2376.19817	-18.82685
2377.07024	-17.99507
2377.94208	-17.70999
2378.81369	-17.79154
2379.68507	-17.86777
2380.55622	-17.64078
2381.42713	-18.15717
2382.29782	-19.28033
2383.16827	-19.64443
2384.03849	-19.14176
2384.90848	-18.89469
2385.77824	-19.22802
2386.64776	-19.63416
2387.51706	-19.20282
2388.38612	-17.36487
2389.25495	-14.14261
2390.12355	-12.66934
2390.99192	-13.94163
2391.86006	-17.02271
2392.72797	-18.74521
2393.59565	-18.85021
2394.4631	-17.5211
2395.33031	-16.97974
2396.19729	-17.596
2397.06405	-18.23839
2397.93057	-17.33469
2398.79686	-16.37916
2399.66292	-17.10033
2400.52875	-18.70632
2401.39435	-19.33637
2402.25972	-18.87499
2403.12486	-18.51802
2403.98977	-18.20851
2404.85445	-17.76244
2405.7189	-17.22687
2406.58312	-17.32288
2407.4471	-17.69271
2408.31086	-17.95612
2409.17439	-17.51784
2410.03768	-16.97795
2410.90075	-16.95711
2411.76359	-17.11724
2412.62619	-16.94083
2413.48857	-16.90446
2414.35072	-17.71127
2415.21263	-18.60407
2416.07432	-19.27545
2416.93578	-19.3927
2417.79701	-18.7333
2418.65801	-17.32642
2419.51877	-16.70453
2420.37931	-17.27512
2421.23962	-18.18162
2422.0997	-18.21222
2422.95955	-17.64397
2423.81917	-17.09275
2424.67857	-17.17709
2425.53773	-17.41647
2426.39666	-17.46855
2427.25536	-16.98607
2428.11384	-16.43983
2428.97209	-15.92963
2429.8301	-15.93877
2430.68789	-16.18192
2431.54545	-16.62569
2432.40278	-16.83009
2433.25988	-17.15847
2434.11675	-17.49558
2434.97339	-17.99396
2435.82981	-18.32655
2436.68599	-18.61845
2437.54195	-18.52569
2438.39768	-18.13709
2439.25318	-17.66798
2440.10845	-17.4171
2440.96349	-17.16128
2441.81831	-17.19332
2442.67289	-17.87637
2443.52725	-18.63482
2444.38138	-18.47932
2445.23528	-17.70386
2446.08895	-17.26001
2446.9424	-17.56187
2447.79562	-18.24515
2448.6486	-18.50654
2449.50137	-17.64103
2450.3539	-16.65338
2451.2062	-16.90503
2452.05828	-17.89846
2452.91013	-18.18002
2453.76175	-18.31326
2454.61314	-19.26451
2455.46431	-20.20289
2456.31525	-20.14058
2457.16596	-19.76297
2458.01644	-19.72603
2458.86669	-19.46633
2459.71672	-18.73107
2460.56652	-18.33203
2461.41609	-18.4512
2462.26544	-18.60313
2463.11456	-18.57889
2463.96345	-19.02421
2464.81211	-19.58192
2465.66055	-19.31511
2466.50876	-18.34661
2467.35674	-18.24513
2468.2045	-19.62718
2469.05202	-20.99671
2469.89933	-20.69982
2470.7464	-18.99816
2471.59325	-17.58883
2472.43987	-17.51376
2473.28626	-18.09019
2474.13243	-18.74305
2474.97837	-19.466
2475.82408	-20.01951
2476.66957	-19.60951
2477.51483	-18.97913
2478.35987	-19.50093
2479.20467	-20.59826
2480.04926	-20.93061
2480.89361	-20.20767
2481.73774	-19.53593
2482.58164	-18.84385
2483.42532	-18.56302
2484.26877	-18.69056
2485.11199	-19.4651
2485.95499	-20.0044
2486.79776	-20.26722
2487.64031	-20.06964
2488.48263	-19.93674
2489.32472	-19.90953
2490.16659	-19.96576
2491.00823	-19.38639
2491.84965	-18.65243
2492.69084	-18.44338
2493.5318	-19.23868
2494.37254	-19.80339
2495.21306	-19.66668
2496.05334	-18.82729
2496.89341	-18.41112
2497.73324	-18.25327
2498.57285	-18.28687
2499.41224	-18.14099
2500.2514	-18.47751
2501.09034	-18.80837
2501.92905	-18.77808
2502.76753	-18.42522
2503.60579	-18.80138
2504.44383	-19.74265
2505.28164	-20.30395
2506.11922	-19.90354
2506.95658	-18.99963
2507.79371	-18.49116
2508.63062	-18.8536
2509.46731	-19.78523
2510.30377	-20.39712
2511.14	-20.24024
2511.97601	-19.5744
2512.8118	-19.0541
2513.64736	-19.3777
2514.4827	-20.48428
2515.31781	-21.40673
2516.1527	-21.03222
2516.98736	-19.60114
2517.8218	-18.49213
2518.65601	-18.80521
2519.49	-19.88809
2520.32377	-20.2872
2521.15731	-19.88755
2521.99062	-19.63762
2522.82372	-19.58673
2523.65659	-18.98605
2524.48923	-18.39548
2525.32165	-18.8839
2526.15385	-19.78398
2526.98582	-19.70565
2527.81757	-18.86287
2528.64909	-18.62382
2529.4804	-18.92609
2530.31147	-19.0906
2531.14233	-19.15102
2531.97296	-19.75296
2532.80336	-20.44611
2533.63354	-20.49789
2534.4635	-19.9996
2535.29324	-19.93802
2536.12275	-20.29079
2536.95204	-20.19685
2537.7811	-19.27574
2538.60995	-18.7172
2539.43856	-19.21768
2540.26696	-20.07904
2541.09513	-19.99519
2541.92308	-19.213
2542.75081	-18.92786
2543.57831	-19.66445
2544.40559	-20.37302
2545.23264	-20.29018
2546.05948	-19.66038
2546.88609	-19.41009
2547.71248	-19.63646
2548.53864	-20.14817
2549.36458	-20.38957
2550.1903	-20.36359
2551.0158	-20.21835
2551.84107	-20.20725
2552.66613	-20.09978
2553.49095	-19.83204
2554.31556	-19.7447
2555.13995	-19.87721
2555.96411	-19.80285
2556.78805	-19.2988
2557.61176	-18.94409
2558.43526	-18.9753
2559.25853	-19.29661
2560.08158	-19.71097
2560.90441	-20.03479
2561.72701	-19.89659
2562.5494	-19.26232
2563.37156	-18.55435
2564.1935	-17.91474
2565.01521	-17.50683
2565.83671	-17.71134
2566.65798	-18.70405
2567.47903	-19.84481
2568.29986	-20.05209
2569.12047	-19.26409
2569.94086	-18.09784
2570.76102	-17.73386
2571.58097	-18.20025
2572.40069	-18.91868
2573.22019	-18.86787
2574.03947	-18.53322
2574.85852	-18.4451
2575.67736	-18.84103
2576.49597	-18.78952
2577.31437	-18.1724
2578.13254	-17.23284
2578.95049	-17.09787
2579.76822	-17.79914
2580.58573	-18.71463
2581.40301	-18.95272
2582.22008	-18.47491
2583.03692	-17.62264
2583.85355	-16.78129
2584.66995	-16.55561
2585.48613	-16.89195
2586.30209	-17.43037
2587.11783	-17.27763
2587.93335	-16.28996
2588.74865	-15.07586
2589.56373	-14.56181
2590.37859	-14.51296
2591.19322	-14.14721
2592.00764	-13.78176
2592.82183	-13.72725
2593.63581	-13.66836
2594.44956	-13.04045
2595.2631	-12.02612
2596.07641	-10.70322
2596.88951	-9.61485
2597.70238	-9.58356
2598.51503	-10.015
2599.32746	-9.9013
2600.13968	-9.13614
2600.95167	-8.71553
2601.76344	-8.53404
2602.57499	-8.34029
2603.38633	-7.73611
2604.19744	-6.70882
2605.00833	-5.79105
2605.819	-5.50827
2606.62946	-5.6582
2607.43969	-5.30493
2608.2497	-4.55098
2609.0595	-3.45309
2609.86907	-2.25555
2610.67843	-0.9863
2611.48756	-0.04236
2612.29648	0.81602
2613.10517	1.98752
2613.91365	3.29335
2614.72191	4.39386
2615.52994	5.33331
2616.33776	6.79475
2617.14536	8.48337
2617.95274	9.72736
2618.7599	10.14563
2619.56684	10.19842
2620.37356	10.02817
2621.18007	9.86402
2621.98635	10.20433
2622.79242	11.10351
2623.59826	12.01688
2624.40389	12.63398
2625.2093	13.2481
2626.01449	13.89372
2626.81946	14.50671
2627.62421	15.04482
2628.42875	15.5063
2629.23306	15.99218
2630.03716	16.72072
2630.84103	17.93304
2631.64469	19.2838
2632.44813	20.04407
2633.25136	19.30068
2634.05436	17.51422
2634.85714	15.79328
2635.65971	15.0235
2636.46206	15.08357
2637.26419	15.66189
2638.0661	15.79425
2638.8678	14.68207
2639.66927	12.67373
2640.47053	11.01898
2641.27157	10.37739
2642.07239	10.29656
2642.873	10.06116
2643.67338	9.18069
2644.47355	8.07571
2645.2735	7.00155
2646.07323	6.36258
2646.87275	6.10501
2647.67205	6.22976
2648.47112	5.93494
2649.26999	5.24903
2650.06863	4.65246
2650.86706	4.16569
2651.66527	3.3998
2652.46326	2.2042
2653.26103	1.08243
2654.05859	0.03213
2654.85593	-0.33421
2655.65305	0.15631
2656.44995	1.42684
2657.24664	2.26497
2658.04311	1.98396
2658.83937	0.93896
2659.6354	0.32723
2660.43122	0.23394
2661.22682	-0.0963
2662.02221	-0.97557
2662.81738	-1.5969
2663.61233	-1.6315
2664.40706	-1.72087
2665.20158	-2.56694
2665.99588	-3.68044
2666.78997	-4.27409
2667.58383	-4.44172
2668.37748	-4.67541
2669.17092	-4.99058
2669.96413	-5.41208
2670.75714	-5.73906
2671.54992	-5.99172
2672.34249	-6.07543
2673.13484	-6.77745
2673.92698	-7.77115
2674.71889	-8.61639
2675.5106	-8.5688
2676.30208	-8.50572
2677.09335	-9.20894
2677.88441	-10.88659
2678.67525	-12.26137
2679.46587	-13.02066
2680.25627	-13.73317
2681.04646	-14.57959
2681.83644	-14.88015
2682.62619	-14.53317
2683.41574	-14.4224
2684.20506	-15.07107
2684.99417	-16.50985
2685.78307	-17.90752
2686.57175	-18.12042
2687.36021	-17.26749
2688.14846	-16.70303
2688.93649	-17.32758
2689.7243	-17.9985
2690.5119	-18.13004
2691.29929	-17.7499
2692.08646	-17.49546
2692.87341	-17.38658
2693.66015	-17.78409
2694.44668	-18.37683
2695.23299	-18.8741
2696.01908	-19.41052
2696.80496	-20.39056
2697.59062	-21.29738
2698.37607	-21.35226
2699.1613	-20.56606
2699.94632	-19.55465
2700.73112	-18.84025
2701.51571	-18.9992
2702.30008	-20.22701
2703.08424	-21.86743
2703.86818	-22.55592
2704.65191	-22.02595
2705.43542	-21.1891
2706.21872	-21.12967
2707.0018	-21.62894
2707.78467	-22.26941
2708.56733	-23.01819
2709.34977	-23.83085
2710.13199	-23.93492
2710.914	-23.07152
2711.6958	-22.24316
2712.47738	-22.54871
2713.25875	-23.56234
2714.0399	-24.08243
2714.82084	-23.61127
2715.60157	-22.7905
2716.38208	-22.24061
2717.16237	-22.38083
2717.94245	-22.99433
2718.72232	-23.87321
2719.50198	-24.53248
2720.28142	-24.59168
2721.06064	-23.86934
2721.83965	-23.18192
2722.61845	-23.17857
2723.39704	-23.58629
2724.17541	-23.85321
2724.95356	-24.0645
2725.73151	-23.99678
2726.50924	-23.68464
2727.28675	-23.56201
2728.06405	-24.24057
2728.84114	-24.82744
2729.61802	-25.07885
2730.39468	-25.16834
2731.17113	-25.75869
2731.94736	-26.45725
2732.72338	-26.81155
2733.49919	-26.1885
2734.27478	-25.02913
2735.05016	-24.54787
2735.82533	-25.15608
2736.60029	-25.97294
2737.37503	-25.85075
2738.14956	-25.06246
2738.92387	-24.04997
2739.69797	-23.50151
2740.47186	-23.24844
2741.24554	-23.97551
2742.019	-25.39135
2742.79225	-26.92992
2743.56529	-27.11086
2744.33811	-26.48892
2745.11073	-25.84367
2745.88313	-25.87724
2746.65531	-26.07677
2747.42729	-26.42199
2748.19905	-26.6134
2748.9706	-26.77664
2749.74193	-26.8672
2750.51306	-27.08622
2751.28397	-27.18086
2752.05467	-27.16554
2752.82515	-27.14182
2753.59543	-27.29982
2754.36549	-27.4483
2755.13534	-27.08019
2755.90497	-26.31355
2756.6744	-25.72426
2757.44361	-25.93172
2758.21261	-26.5659
2758.9814	-26.81621
2759.74998	-26.2857
2760.51834	-25.85477
2761.2865	-26.30985
2762.05444	-26.88951
2762.82217	-26.56889
2763.58968	-26.19944
2764.35699	-26.71415
2765.12408	-27.56705
2765.89096	-27.61109
2766.65763	-27.76003
2767.42409	-28.58275
2768.19034	-29.21007
2768.95637	-28.34381
2769.7222	-27.08959
2770.48781	-27.02295
2771.25321	-27.78848
2772.0184	-27.65079
2772.78338	-26.61543
2773.54814	-26.35181
2774.3127	-27.53196
2775.07704	-28.78977
2775.84117	-29.2143
2776.6051	-29.08678
2777.36881	-28.62489
2778.13231	-27.59405
2778.89559	-26.68701
2779.65867	-26.91666
2780.42154	-27.91406
2781.18419	-28.50725
2781.94664	-28.2111
2782.70887	-27.59698
2783.47089	-27.29377
2784.2327	-27.42434
2784.9943	-27.40191
2785.75569	-26.90839
2786.51687	-26.31673
2787.27784	-26.24868
2788.0386	-26.5143
2788.79915	-26.80019
2789.55949	-26.75198
2790.31961	-26.31271
2791.07953	-25.80803
2791.83923	-25.887
2792.59873	-26.52372
2793.35801	-27.11931
2794.11709	-27.74207
2794.87595	-28.30731
2795.63461	-28.5419
2796.39305	-28.29626
2797.15128	-28.39663
2797.90931	-28.67016
2798.66712	-28.44912
2799.42472	-27.50972
2800.18212	-26.87011
2800.9393	-27.17311
2801.69627	-27.94499
2802.45304	-28.30913
2803.20959	-28.31951
2803.96594	-28.80547
2804.72207	-29.70284
2805.47799	-29.88603
2806.23371	-28.82437
2806.98921	-27.45141
2807.74451	-27.10839
2808.49959	-27.7174
2809.25447	-28.14438
2810.00914	-27.74229
2810.76359	-27.44565
2811.51784	-28.02199
2812.27188	-28.72387
2813.02571	-28.69821
2813.77933	-28.51857
2814.53274	-29.12275
2815.28594	-29.87209
2816.03893	-29.66401
2816.79171	-28.81579
2817.54429	-28.48502
2818.29665	-29.21389
2819.04881	-30.09359
2819.80075	-30.3678
2820.55249	-29.45509
2821.30402	-28.2619
2822.05534	-27.55946
2822.80645	-27.76937
2823.55735	-28.03276
2824.30804	-28.27838
2825.05852	-28.58405
2825.8088	-29.28895
2826.55886	-29.79045
2827.30872	-29.78472
2828.05837	-29.37143
2828.80781	-29.41536
2829.55704	-29.58322
2830.30607	-29.26319
2831.05488	-28.85167
2831.80349	-29.16194
2832.55189	-29.51504
2833.30008	-29.01171
2834.04806	-28.51981
2834.79583	-29.11749
2835.54339	-30.20567
2836.29075	-30.44987
2837.0379	-29.66479
2837.78484	-28.87185
2838.53157	-28.84752
2839.2781	-29.54702
2840.02441	-30.11678
2840.77052	-30.25868
2841.51642	-30.08655
2842.26211	-30.01164
2843.0076	-29.97842
2843.75287	-30.35989
2844.49794	-30.91883
2845.2428	-31.22266
2845.98745	-31.02451
2846.7319	-31.14666
2847.47614	-31.74731
2848.22017	-31.87953
2848.96399	-31.3191
2849.7076	-30.94479
2850.45101	-31.73607
2851.19421	-32.62486
2851.9372	-32.8569
2852.67999	-32.07421
2853.42256	-31.59809
2854.16493	-31.74202
2854.9071	-32.45686
2855.64905	-32.47636
2856.3908	-32.13811
2857.13234	-31.76275
2857.87368	-31.75272
2858.6148	-31.27942
2859.35572	-30.69732
2860.09643	-30.36623
2860.83694	-30.88262
2861.57724	-31.83736
2862.31733	-32.79937
2863.05721	-33.14024
2863.79689	-32.86311
2864.53636	-32.52544
2865.27563	-32.6898
2866.01469	-32.9731
2866.75354	-32.96062
2867.49218	-32.77342
2868.23062	-33.01728
2868.96885	-33.37589
2869.70687	-33.71067
2870.44469	-33.98975
2871.1823	-34.11916
2871.91971	-33.66749
2872.6569	-32.85637
2873.3939	-32.67426
2874.13068	-33.13025
2874.86726	-34.54439
2875.60363	-37.0081
2876.3398	-40.14387
2877.07576	-40.88009
2877.81151	-38.50901
2878.54706	-34.83375
2879.2824	-33.22176
2880.01754	-33.63236
2880.75247	-34.7048
2881.48719	-34.55348
2882.22171	-33.81083
2882.95602	-33.25463
2883.69013	-33.3206
2884.42403	-33.46168
2885.15772	-34.12906
2885.89121	-34.92451
2886.6245	-35.31838
2887.35757	-34.95629
2888.09044	-34.25302
2888.82311	-33.57862
2889.55557	-33.32799
2890.28782	-33.52115
2891.01987	-33.6053
2891.75172	-34.24085
2892.48336	-35.46381
2893.21479	-36.29279
2893.94602	-35.34847
2894.67704	-34.08714
2895.40785	-33.8198
2896.13846	-34.78598
2896.86887	-35.32509
2897.59907	-34.94421
2898.32907	-33.93481
2899.05886	-33.99254
2899.78844	-34.88741
2900.51782	-35.65308
2901.247	-35.14573
2901.97597	-34.29845
2902.70473	-33.75705
2903.43329	-34.40548
2904.16165	-35.72223
2904.8898	-36.90937
2905.61775	-37.11376
2906.34549	-36.76368
2907.07302	-36.35282
2907.80036	-36.30125
2908.52748	-36.60776
2909.2544	-36.75085
2909.98112	-36.36642
2910.70763	-35.88343
2911.43394	-35.92555
2912.16005	-36.38781
2912.88595	-36.87278
2913.61164	-37.086
2914.33713	-37.31654
2915.06242	-37.67967
2915.7875	-38.15834
2916.51238	-38.09111
2917.23705	-37.41112
2917.96152	-36.15606
2918.68579	-35.52442
2919.40985	-36.2203
2920.1337	-37.69501
2920.85736	-38.13459
2921.5808	-37.50464
2922.30405	-36.9871
2923.02709	-37.24803
2923.74993	-37.65039
2924.47256	-37.59394
2925.19499	-37.07018
2925.91721	-36.67149
2926.63923	-36.90728
2927.36105	-37.52772
2928.08267	-38.12444
2928.80408	-38.60208
2929.52528	-38.83832
2930.24628	-38.63288
2930.96708	-38.16117
2931.68768	-37.81553
2932.40807	-37.56312
2933.12826	-37.46211
2933.84825	-37.28448
2934.56803	-36.87532
2935.28761	-36.75307
2936.00698	-37.83822
2936.72615	-39.50998
2937.44512	-40.2633
2938.16389	-39.87961
2938.88245	-39.24571
2939.60081	-38.9106
2940.31896	-38.82534
2941.03691	-38.70745
2941.75466	-38.51769
2942.47221	-38.51335
2943.18955	-38.83245
2943.90669	-38.72198
2944.62363	-38.20519
2945.34037	-37.99117
2946.0569	-38.48355
2946.77323	-39.02332
2947.48935	-39.36798
2948.20528	-39.66876
2948.921	-39.84784
2949.63652	-39.7555
2950.35183	-39.31681
2951.06694	-38.72815
2951.78185	-38.11503
2952.49656	-37.91554
2953.21107	-38.07835
2953.92537	-38.14425
2954.63947	-37.81187
2955.35337	-37.43925
2956.06706	-37.53788
2956.78056	-37.71085
2957.49385	-37.68082
2958.20694	-37.52063
2958.91982	-37.84936
2959.63251	-38.30657
2960.34499	-38.56476
2961.05727	-38.52722
2961.76934	-38.36843
2962.48122	-37.81849
2963.19289	-36.88742
2963.90437	-36.28793
2964.61563	-36.50214
2965.3267	-37.3601
2966.03757	-38.15203
2966.74823	-38.61121
2967.45869	-38.7246
2968.16895	-38.60172
2968.87901	-38.26157
2969.58887	-37.95965
2970.29852	-38.07294
2971.00798	-38.37403
2971.71723	-38.43968
2972.42628	-38.34137
2973.13513	-38.42795
2973.84378	-38.77595
2974.55222	-39.31329
2975.26047	-40.30178
2975.96851	-40.63157
2976.67635	-39.59611
2977.38399	-37.87033
2978.09143	-37.70975
2978.79867	-38.78613
2979.5057	-39.43086
2980.21254	-38.89838
2980.91917	-38.45644
2981.6256	-38.69547
2982.33183	-38.69046
2983.03787	-38.07712
2983.74369	-37.54673
2984.44932	-37.97247
2985.15475	-38.95369
2985.85998	-39.71692
2986.565	-39.44673
2987.26983	-37.95337
2987.97445	-36.2384
2988.67887	-35.79953
2989.3831	-36.81082
2990.08712	-37.93234
2990.79094	-38.11797
2991.49456	-37.74948
2992.19798	-37.45706
2992.9012	-37.74817
2993.60422	-38.13465
2994.30703	-38.26177
2995.00965	-38.02903
2995.71207	-38.03608
2996.41428	-37.99432
2997.1163	-37.68226
2997.81812	-37.5097
2998.51973	-37.76181
2999.22115	-38.00261
2999.92236	-37.73327
3000.62338	-37.54519
3001.32419	-37.85117
3002.0248	-38.72018
3002.72522	-39.18188
3003.42543	-38.9298
3004.12545	-38.44447
3004.82526	-38.5107
3005.52487	-38.66426
3006.22429	-38.48787
3006.9235	-38.13963
3007.62251	-38.18718
3008.32133	-38.68475
3009.01994	-39.79055
3009.71836	-40.61273
3010.41657	-40.42638
3011.11459	-39.11293
3011.8124	-38.09436
3012.51002	-37.7396
3013.20743	-38.06863
3013.90465	-38.59935
3014.60167	-39.34261
3015.29848	-39.80878
3015.9951	-39.59987
3016.69152	-38.66538
3017.38774	-37.67835
3018.08376	-37.48878
3018.77958	-38.07728
3019.4752	-39.23542
3020.17062	-40.20289
3020.86584	-40.52509
3021.56087	-39.66064
3022.25569	-38.77024
3022.95031	-38.7166
3023.64474	-39.78887
3024.33897	-40.5729
3025.03299	-40.31988
3025.72682	-39.33789
3026.42045	-38.96717
3027.11388	-39.44073
3027.80711	-40.04292
3028.50014	-40.23845
3029.19298	-40.24944
3029.88561	-40.3024
3030.57805	-40.31067
3031.27029	-40.19848
3031.96232	-39.96482
3032.65416	-39.95784
3033.3458	-40.22832
3034.03725	-40.75819
3034.72849	-40.91706
3035.41954	-40.68086
3036.11038	-40.25686
3036.80103	-40.38408
3037.49148	-40.68235
3038.18173	-40.67668
3038.87178	-40.35836
3039.56164	-40.52534
3040.25129	-41.19127
3040.94075	-42.23511
3041.63001	-43.22331
3042.31907	-43.67252
3043.00794	-43.15881
3043.6966	-42.59384
3044.38507	-42.59877
3045.07334	-42.94351
3045.76141	-42.92201
3046.44928	-42.71792
3047.13695	-42.69364
3047.82443	-42.9776
3048.51171	-43.28553
3049.19879	-43.16371
3049.88567	-42.53035
3050.57236	-41.81136
3051.25884	-42.05516
3051.94513	-43.00103
3052.63122	-43.89485
3053.31712	-43.97388
3054.00281	-43.72288
3054.68831	-42.97745
3055.37361	-42.38152
3056.05871	-42.67181
3056.74362	-43.93311
3057.42833	-44.57648
3058.11284	-44.1025
3058.79715	-43.81502
3059.48127	-44.81662
3060.16519	-45.98505
3060.84891	-45.80458
3061.53243	-44.61714
3062.21576	-43.85077
3062.89888	-43.92413
3063.58182	-44.4667
3064.26455	-45.07956
3064.94709	-45.29286
3065.62943	-45.06739
3066.31157	-44.83786
3066.99352	-45.10275
3067.67527	-45.60597
3068.35682	-46.40735
3069.03817	-46.89711
3069.71933	-46.51201
3070.40029	-45.34715
3071.08105	-44.625
3071.76162	-44.81646
3072.44199	-45.57957
3073.12217	-46.35266
3073.80214	-46.96
3074.48192	-47.37596
3075.16151	-47.6596
3075.84089	-47.46102
3076.52008	-47.02126
3077.19908	-46.68186
3077.87787	-47.06514
3078.55647	-47.66407
3079.23488	-47.83342
3079.91308	-46.98944
3080.5911	-46.15894
3081.26891	-46.43541
3081.94653	-47.55477
3082.62395	-48.25762
3083.30118	-48.08938
3083.97821	-48.13158
3084.65504	-48.85431
3085.33167	-49.65539
3086.00812	-49.40725
3086.68436	-48.94306
3087.36041	-49.25057
3088.03626	-50.14715
3088.71192	-50.53889
3089.38738	-50.60088
3090.06264	-50.94541
3090.73771	-51.30349
3091.41258	-50.98148
3092.08726	-49.87786
3092.76174	-49.11608
3093.43602	-49.28671
3094.11011	-49.72769
3094.784	-49.28311
3095.4577	-48.34259
3096.1312	-47.97168
3096.80451	-48.57941
3097.47762	-49.72057
3098.15053	-50.71013
3098.82325	-51.08965
3099.49578	-50.98078
3100.1681	-50.83481
3100.84024	-50.79388
3101.51217	-50.62959
3102.18392	-50.46774
3102.85546	-50.56448
3103.52681	-51.06175
3104.19797	-51.79086
3104.86893	-52.30797
3105.53969	-52.32222
3106.21026	-52.05408
3106.88064	-52.26181
3107.55082	-52.43041
3108.2208	-51.76463
3108.89059	-50.69605
3109.56018	-51.07715
3110.22958	-52.76847
3110.89879	-53.67263
3111.5678	-52.91819
3112.23661	-51.94724
3112.90523	-52.06806
3113.57365	-52.70789
3114.24188	-53.35905
3114.90992	-53.67059
3115.57776	-53.58261
3116.2454	-53.11261
3116.91285	-53.09526
3117.58011	-53.66771
3118.24717	-54.44726
3118.91403	-55.00405
3119.5807	-55.31794
3120.24718	-55.31774
3120.91346	-55.50513
3121.57955	-56.01668
3122.24544	-56.37543
3122.91114	-55.69392
3123.57665	-54.69396
3124.24196	-54.28662
3124.90707	-54.60974
3125.572	-54.6408
3126.23672	-54.47717
3126.90125	-54.68135
3127.56559	-55.65631
3128.22974	-56.75707
3128.89369	-57.65582
3129.55744	-57.65639
3130.22101	-57.05319
3130.88437	-56.30403
3131.54755	-56.54164
3132.21053	-57.28413
3132.87331	-58.09003
3133.5359	-58.13087
3134.1983	-58.10642
3134.86051	-58.00677
3135.52252	-57.94039
3136.18433	-57.3109
3136.84595	-57.05352
3137.50738	-57.47738
3138.16862	-58.46148
3138.82966	-59.03833
3139.49051	-59.20922
3140.15116	-59.17643
3140.81162	-59.27838
3141.47189	-59.86065
3142.13196	-60.72388
3142.79184	-61.28124
3143.45152	-61.00142
3144.11102	-60.76393
3144.77032	-60.80114
3145.42942	-60.65116
3146.08833	-59.67227
3146.74705	-59.30406
3147.40558	-59.90399
3148.06391	-60.62571
3148.72205	-60.4616
3149.38	-60.81618
3150.03775	-62.08741
3150.69531	-63.40151
3151.35267	-63.39204
3152.00985	-62.56953
3152.66683	-61.7915
3153.32361	-61.52167
3153.98021	-61.23051
3154.63661	-61.09971
3155.29282	-61.85063
3155.94883	-63.51653
3156.60465	-64.64832
3157.26028	-64.64889
3157.91572	-64.35579
3158.57096	-64.7366
3159.22601	-65.0484
3159.88087	-64.48965
3160.53554	-63.4164
3161.19001	-63.15114
3161.84429	-63.86849
3162.49838	-64.6176
3163.15227	-64.57064
3163.80598	-64.15868
3164.45949	-63.93946
3165.1128	-64.10892
3165.76593	-64.34451
3166.41886	-64.80846
3167.0716	-64.82478
3167.72415	-64.70329
3168.3765	-64.38185
3169.02867	-64.25916
3169.68064	-63.59538
3170.33242	-63.58215
3170.984	-64.40067
3171.6354	-65.60171
3172.2866	-66.09187
3172.93761	-66.15237
3173.58843	-66.06116
3174.23905	-65.60972
3174.88948	-65.52488
3175.53973	-65.82517
3176.18978	-66.36625
3176.83963	-66.18334
3177.4893	-66.23593
3178.13877	-66.48855
3178.78805	-66.76464
3179.43714	-66.67511
3180.08604	-66.7662
3180.73475	-66.56823
3181.38326	-66.19798
3182.03159	-66.3681
3182.67972	-66.97486
3183.32766	-66.3821
3183.9754	-65.00776
3184.62296	-64.77591
3185.27033	-66.21432
3185.9175	-67.4355
3186.56448	-67.75236
3187.21127	-67.59406
3187.85787	-67.23946
3188.50428	-66.58507
3189.15049	-66.12448
3189.79652	-66.41462
3190.44235	-67.41385
3191.08799	-68.62284
3191.73344	-68.82614
3192.3787	-68.06208
3193.02377	-67.5076
3193.66865	-67.98453
3194.31333	-68.40759
3194.95783	-68.54648
3195.60213	-68.94971
3196.24624	-69.82662
3196.89016	-70.39805
3197.5339	-70.48862
3198.17743	-70.2417
3198.82078	-70.0912
3199.46394	-70.32781
3200.10691	-70.72503
3200.74968	-70.89843
3201.39227	-70.8262
3202.03466	-71.06289
3202.67687	-71.60389
3203.31888	-71.78646
3203.9607	-70.66542
3204.60233	-68.90832
3205.24377	-68.2502
3205.88502	-69.16637
3206.52608	-70.25641
3207.16695	-70.52499
3207.80763	-70.67241
3208.44812	-71.35512
3209.08841	-71.85661
3209.72852	-71.21328
3210.36844	-69.95983
3211.00816	-69.74455
3211.6477	-70.50474
3212.28704	-71.13256
3212.9262	-70.64609
3213.56516	-69.86003
3214.20394	-69.26973
3214.84252	-70.10154
3215.48092	-71.90504
3216.11912	-73.4164
3216.75713	-73.37089
3217.39496	-72.89902
3218.03259	-72.80227
3218.67004	-72.74586
3219.30729	-72.45888
3219.94435	-72.31578
3220.58123	-72.70155
3221.21791	-73.46874
3221.8544	-74.58386
3222.49071	-75.41259
3223.12682	-75.3417
3223.76275	-74.184
3224.39848	-72.76945
3225.03403	-72.15009
3225.66938	-72.60535
3226.30455	-73.50729
3226.93952	-74.05524
3227.57431	-74.07321
3228.2089	-73.59922
3228.84331	-73.10819
3229.47753	-73.20893
3230.11156	-73.52796
3230.74539	-73.39034
3231.37904	-72.92982
3232.0125	-73.00308
3232.64577	-73.05546
3233.27885	-72.66173
3233.91174	-72.24129
3234.54445	-72.09017
3235.17696	-71.92718
3235.80928	-71.74759
3236.44142	-71.99314
3237.07336	-72.07572
3237.70512	-71.93755
3238.33668	-71.93693
3238.96806	-72.41704
3239.59925	-73.08634
3240.23025	-73.59504
3240.86106	-73.83222
3241.49168	-73.52128
3242.12211	-73.09317
3242.75236	-72.4373
3243.38241	-72.00895
3244.01228	-71.96577
3244.64195	-72.58736
3245.27144	-72.76641
3245.90074	-72.48129
3246.52985	-72.49329
3247.15877	-73.54975
3247.7875	-74.72575
3248.41605	-74.95635
3249.0444	-74.4238
3249.67257	-73.94055
3250.30055	-74.05722
3250.92834	-74.24216
3251.55594	-74.19121
3252.18335	-73.51506
3252.81057	-72.28641
3253.43761	-71.41576
3254.06446	-72.11558
3254.69112	-73.98511
3255.31759	-74.66458
3255.94387	-73.58991
3256.56996	-72.4387
3257.19587	-72.92214
3257.82158	-74.24619
3258.44711	-75.09918
3259.07245	-74.59176
3259.69761	-73.14972
3260.32257	-71.86114
3260.94735	-71.92268
3261.57194	-72.80749
3262.19634	-73.38689
3262.82055	-72.82385
3263.44457	-71.51955
3264.06841	-70.51041
3264.69206	-70.85377
3265.31552	-72.21099
3265.93879	-72.81345
3266.56187	-72.26544
3267.18477	-71.62927
3267.80748	-72.06728
3268.43	-73.0884
3269.05233	-74.26162
3269.67448	-74.88673
3270.29643	-74.31493
3270.9182	-72.63608
3271.53979	-71.29524
3272.16118	-71.25832
3272.78239	-72.06084
3273.40341	-72.43644
3274.02424	-72.35756
3274.64489	-71.97916
3275.26534	-71.85383
3275.88561	-71.85654
3276.50569	-72.90937
3277.12559	-74.31983
3277.7453	-75.08492
3278.36482	-74.15602
3278.98415	-72.94761
3279.60329	-72.66231
3280.22225	-73.89181
3280.84102	-75.4997
3281.45961	-76.29735
3282.078	-75.58476
3282.69621	-74.38096
3283.31424	-73.6452
3283.93207	-73.20968
3284.54972	-72.56639
3285.16718	-72.19478
3285.78446	-72.80993
3286.40154	-73.65095
3287.01844	-73.87938
3287.63516	-72.88342
3288.25168	-72.27289
3288.86802	-73.14774
3289.48417	-75.9127
3290.10014	-77.59873
3290.71592	-77.38544
3291.33151	-75.55323
3291.94692	-74.16391
3292.56214	-73.3978
3293.17717	-73.96247
3293.79201	-74.99986
3294.40667	-75.62158
3295.02115	-75.26259
3295.63543	-74.87761
3296.24953	-74.7265
3296.86344	-74.36342
3297.47717	-73.43847
3298.09071	-72.53187
3298.70406	-72.27683
3299.31723	-72.67425
3299.93021	-73.5303
3300.54301	-74.37129
3301.15561	-74.82646
3301.76803	-74.3504
3302.38027	-73.36687
3302.99232	-73.11652
3303.60418	-74.19051
3304.21586	-75.4494
3304.82735	-75.45863
3305.43865	-74.83326
3306.04977	-74.29353
3306.66071	-73.93442
3307.27145	-73.37726
3307.88201	-73.22489
3308.49239	-73.28369
3309.10257	-73.31739
3309.71258	-73.27433
3310.32239	-73.85029
3310.93202	-74.97449
3311.54147	-75.81261
3312.15073	-75.62488
3312.7598	-75.05699
3313.36869	-75.33274
3313.97739	-76.18428
3314.58591	-76.50401
3315.19424	-75.56844
3315.80238	-74.19578
3316.41034	-73.23954
3317.01811	-73.39242
3317.6257	-74.13271
3318.2331	-74.90718
3318.84032	-75.10459
3319.44735	-74.98198
3320.0542	-75.07304
3320.66086	-75.54996
3321.26733	-75.51617
3321.87362	-74.46274
3322.47972	-73.29252
3323.08564	-73.0068
3323.69138	-73.33805
3324.29692	-73.66971
3324.90229	-73.81197
3325.50746	-74.04375
3326.11246	-74.4778
3326.71726	-75.04753
3327.32189	-75.1158
3327.92632	-74.31266
3328.53057	-73.14649
3329.13464	-72.35385
3329.73852	-72.1847
3330.34222	-72.25978
3330.94573	-72.38312
3331.54906	-72.62483
3332.1522	-73.17125
3332.75516	-73.49745
3333.35793	-73.06555
3333.96051	-72.53671
3334.56292	-72.96851
3335.16513	-74.12963
3335.76717	-74.72889
3336.36902	-74.70004
3336.97068	-74.70635
3337.57216	-75.14778
3338.17345	-75.15671
3338.77456	-74.70794
3339.37548	-74.3
3339.97622	-74.59037
3340.57678	-74.68961
3341.17715	-74.15864
3341.77734	-73.69989
3342.37734	-74.28403
3342.97716	-75.09354
3343.57679	-74.96836
3344.17624	-74.4101
3344.7755	-74.90062
3345.37458	-76.25897
3345.97348	-77.09885
3346.57219	-76.4789
3347.17072	-75.20292
3347.76906	-74.13467
3348.36722	-73.72157
3348.96519	-73.71278
3349.56298	-74.18405
3350.16059	-74.82381
3350.75801	-75.07506
3351.35525	-74.80367
3351.9523	-74.70539
3352.54917	-74.75666
3353.14586	-74.54489
3353.74236	-74.07394
3354.33868	-73.97205
3354.93481	-74.13999
3355.53076	-74.54443
3356.12653	-75.1687
3356.72211	-75.96329
3357.31751	-76.49655
3357.91272	-76.56284
3358.50775	-75.98187
3359.1026	-75.08893
3359.69726	-74.3475
3360.29174	-73.82116
3360.88604	-73.52126
3361.48015	-73.84299
3362.07408	-74.86938
3362.66782	-75.39524
3363.26138	-75.03266
3363.85476	-74.11308
3364.44796	-73.49179
3365.04097	-73.1057
3365.6338	-73.16177
3366.22644	-73.04278
3366.8189	-72.54323
3367.41118	-71.99282
3368.00327	-72.19678
3368.59518	-72.60791
3369.18691	-72.8153
3369.77845	-72.75775
3370.36981	-72.78071
3370.96099	-72.59096
3371.55199	-72.97136
3372.1428	-73.79677
3372.73343	-74.09248
3373.32387	-72.98946
3373.91413	-72.62022
3374.50421	-74.05825
3375.09411	-75.83182
3375.68382	-75.77469
3376.27335	-74.86157
3376.8627	-74.28319
3377.45186	-74.14938
3378.04084	-74.22413
3378.62964	-74.74457
3379.21825	-75.11859
3379.80669	-75.08346
3380.39493	-75.00539
3380.983	-74.5902
3381.57089	-73.39412
3382.15859	-72.59639
3382.74611	-73.41769
3383.33344	-74.70907
3383.92059	-75.06507
3384.50756	-74.56953
3385.09435	-74.14954
3385.68096	-73.72147
3386.26738	-73.70296
3386.85362	-74.1234
3387.43968	-74.74579
3388.02555	-74.98522
3388.61125	-75.44964
3389.19676	-75.96345
3389.78208	-76.08547
3390.36723	-75.51549
3390.95219	-74.83364
3391.53697	-74.28275
3392.12157	-74.19767
3392.70599	-74.48412
3393.29022	-74.2667
3393.87428	-73.21516
3394.45815	-72.23676
3395.04183	-72.48574
3395.62534	-73.38848
3396.20866	-73.89993
3396.7918	-73.71289
3397.37476	-73.55561
3397.95754	-73.67041
3398.54013	-73.84455
3399.12255	-73.79701
3399.70478	-73.52027
3400.28683	-73.11465
3400.86869	-73.16553
3401.45038	-73.80643
3402.03188	-74.17617
3402.6132	-73.8725
3403.19434	-73.67565
3403.7753	-74.13908
3404.35608	-74.24923
3404.93667	-74.0045
3405.51709	-73.94514
3406.09732	-74.40778
3406.67737	-74.59222
3407.25723	-74.70898
3407.83692	-75.23802
3408.41642	-76.05255
